1 2 3 4 5
6 7 8 9 10
11 12 13 14 15
16 17 18 19 20
21 22 23 24 25
26 27 28 29 30
31 32 33 34 35
36 37 38 39 40
41 42 43 44 45
46 47 48 49 50
51 52 53 54 55
56 57 58 59 60
61 62 63 64 65
66 67 68 69 70
71 72 73 74 75
76 77 78 79 80
81 82 83 84 85
86 88 89 90 91
92 93 94 95 96
97 98 99 100 101
102 103 104 105 106
107 108 109 110 111
112 113 114 115 116
117 118 119 120 121
122 123 124 125 126
127 128 129 130 131
132 133 134 135 136
137 138 139 140 141
142 143 144 145 146
147 148 149 150 152
153 154 155 156 157
158 159 160 161 162
163 164 165 166 167
168 169 170 171 172
173 174 175 176 177
178 179 180 181 182
183 184 185 186 187
188 189 190 191 192
193 194 196 197 198
199 200 201 202 203
204 205 206 207 208
209 210 211 212 213
214 215 216 217 218
219 220 221 222 223
224 225 226 227 228
229 230 232 233 234
235 236 237 238 239
240 241 242 243 244
245 246 247 248 249
250 251 252 253 254
255 256 257 258 259
260 261 263 264 265
266 267 268 269 270
271 272 273 274 275
276 277 278 279 280
281 282 283 284 285
286 287 288 289 291
292 293 294 295 296
297 298 299 300 301
302 303 304 305 306
307 308 309 310 311
312 313 314 316 317
318 319 320 321 322
323 324 325 326 327
328 329 330 331 332
333 334 335 336 337
338 340 341 342 343
344 345 346 347 348
349 350 351 352 353
354 355 356 357 358
359 360 362 363 364
365 366 367 368 369
370 371 372 373 374
375 376 377 378 379
380 381 383 384 385
386 387 388 389 390
391 392 393 394 395
396 397 398 399 400
401 403 404 405 406
407 408 409 410 411
412 413 414 415 416
417 418 419 420 422
423 424 425 426 427
428 429 430 431 432
433 434 435 436 437
438 440 441 442 443
444 445 446 447 448
449 450 451 452 453
454 455 457 458 459
460 461 462 463 464
465 466 467 468 469
470 471 472 474 475
476 477 478 479 480
481 482 483 484 485
486 487 488 489 491
492 493 494 495 496
497 498 499 500 501
502 503 504 506 507
508 509 510 511 512
513 514 515 516 517
518 519 520 522 523
524 525 526 527 528
529 530 531 532 533
534 535 537 538 539
540 541 542 543 544
545 546 547 548 549
551 552 553 554 555
556 557 558 559 560
561 562 563 565 566
567 568 569 570 571
572 573 574 575 576
577 579 580 581 582
583 584 585 586 587
588 589 590 591 593
594 595 596 597 598
599 600 601 602 603
604 606 607 608 609
610 611 612 613 614
615 616 617 619 620
621 622 623 624 625
626 627 628 629 630
632 633 634 635 636
637 638 639 640 641
642 644 645 646 647
648 649 650 651 652
653 654 655 657 658
659 660 661 662 663
664 665 666 667 669
670 671 672 673 674
675 676 677 678 679
681 682 683 684 685
686 687 688 689 690
692 693 694 695 696
697 698 699 700 701
702 704 705 706 707
708 709 710 711 712
713 715 716 717 718
719 720 721 722 723
724 726 727 728 729
730 731 732 733 734
735 737 738 739 740
741 742 743 744 745
746 748 749 750 751
752 753 754 755 756
757 759 760 761 762
763 764 765 766 767
769 770 771 772 773
774 775 776 777 778
780 781 782 783 784
785 786 787 788 790
791 792 793 794 795
796 797 798 800 801
802 803 804 805 806
807 808 810 811 812
813 814 815 816 817
818 820 821 822 823
824 825 826 827 828
830 831 832 833 834
835 836 837 838 840
841 842 843 844 845
846 847 848 850 851
852 853 854 855 856
857 859 860 861 862
863 864 865 866 867
869 870 871 872 873
874 875 876 878 879
880 881 882 883 884
885 887 888 889 890
891 892 893 894 896
897 898 899 900 901
902 903 905 906 907
908 909 910 911 912
914 915 916 917 918
919 920 921 923 924
925 926 927 928 929
930 932 933 934 935
936 937 938 939 941
942 943 944 945 946
947 948 950 951 952
953 954 955 956 958
959 960 961 962 963
964 965 967 968 969
970 971 972 973 975
976 977 978 979 980
981 982 984 985 986
987 988 989 990 992
993 994 995 996 997
998 1000 1001 1002 1003
1004 1005 1006 1007 1009
1010 1011 1012 1013 1014
1015 1017 1018 1019 1020
1021 1022 1023 1025 1026
1027 1028 1029 1030 1031
1033 1034 1035 1036 1037
1038 1039 1041 1042 1043
1044 1045 1046 1047 1049
1050 1051 1052 1053 1054
1055 1057 1058 1059 1060
1061 1062 1063 1065 1066
1067 1068 1069 1070 1072
1073 1074 1075 1076 1077
1078 1080 1081 1082 1083
1084 1085 1086 1088 1089
1090 1091 1092 1093 1094
1096 1097 1098 1099 1100
1101 1103 1104 1105 1106
1107 1108 1109 1111 1112
1113 1114 1115 1116 1118
1119 1120 1121 1122 1123
1124 1126 1127 1128 1129
1130 1131 1133 1134 1135
1136 1137 1138 1140 1141
1142 1143 1144 1145 1146
1148 1149 1150 1151 1152
1153 1155 1156 1157 1158
1159 1160 1162 1163 1164
1165 1166 1167 1169 1170
1171 1172 1173 1174 1175
1177 1178 1179 1180 1181
1182 1184 1185 1186 1187
1188 1189 1191 1192 1193
1194 1195 1196 1198 1199
1200 1201 1202 1203 1205
1206 1207 1208 1209 1210
1212 1213 1214 1215 1216
1217 1219 1220 1221 1222
1223 1224 1226 1227 1228
1229 1230 1231 1233 1234
1235 1236 1237 1239 1240
1241 1242 1243 1244 1246
1247 1248 1249 1250 1251
1253 1254 1255 1256 1257
1258 1260 1261 1262 1263
1264 1266 1267 1268 1269
1270 1271 1273 1274 1275
1276 1277 1278 1280 1281
1282 1283 1284 1286 1287
1288 1289 1290 1291 1293
1294 1295 1296 1297 1298
1300 1301 1302 1303 1304
1306 1307 1308 1309 1310
1311 1313 1314 1315 1316
1317 1319 1320 1321 1322
1323 1324 1326 1327 1328
1329 1330 1332 1333 1334
1335 1336 1338 1339 1340
1341 1342 1343 1345 1346
1347 1348 1349 1351 1352
1353 1354 1355 1357 1358
1359 1360 1361 1362 1364
1365 1366 1367 1368 1370
1371 1372 1373 1374 1376
1377 1378 1379 1380 1382
1383 1384 1385 1386 1387
1389 1390 1391 1392 1393
1395 1396 1397 1398 1399
1401 1402 1403 1404 1405
1407 1408 1409 1410 1411
1413 1414 1415 1416 1417
1419 1420 1421 1422 1423
1425 1426 1427 1428 1429
1431 1432 1433 1434 1435
1437 1438 1439 1440 1441
1443 1444 1445 1446 1447
1449 1450 1451 1452 1453
1455 1456 1457 1458 1459
1461 1462 1463 1464 1465
1467 1468 1469 1470 1471
1473 1474 1475 1476 1477
1479 1480 1481 1482 1484
1485 1486 1487 1488 1490
1491 1492 1493 1494 1496
1497 1498 1499 1500 1502
1503 1504 1505 1506 1508
1509 1510 1511 1513 1514
1515 1516 1517 1519 1520
1521 1522 1523 1525 1526
1527 1528 1529 1531 1532
1533 1534 1536 1537 1538
1539 1540 1542 1543 1544
1545 1547 1548 1549 1550
1551 1553 1554 1555 1556
1557 1559 1560 1561 1562
1564 1565 1566 1567 1568
1570 1571 1572 1573 1575
1576 1577 1578 1579 1581
1582 1583 1584 1586 1587
1588 1589 1590 1592 1593
1594 1595 1597 1598 1599
1600 1601 1603 1604 1605
1606 1608 1609 1610 1611
1612 1614 1615 1616 1617
1619 1620 1621 1622 1623
1625 1626 1627 1628 1630
1631 1632 1633 1635 1636
1637 1638 1639 1641 1642
1643 1644 1646 1647 1648
1649 1651 1652 1653 1654
1655 1657 1658 1659 1660
1662 1663 1664 1665 1667
1668 1669 1670 1671 1673
1674 1675 1676 1678 1679
1680 1681 1683 1684 1685
1686 1688 1689 1690 1691
1692 1694 1695 1696 1697
1699 1700 1701 1702 1704
1705 1706 1707 1709 1710
1711 1712 1714 1715 1716
1717 1719 1720 1721 1722
1723 1725 1726 1727 1728
1730 1731 1732 1733 1735
1736 1737 1738 1740 1741
1742 1743 1745 1746 1747
1748 1750 1751 1752 1753
1755 1756 1757 1758 1760
1761 1762 1763 1765 1766
1767 1768 1770 1771 1772
1773 1775 1776 1777 1778
1780 1781 1782 1783 1785
1786 1787 1788 1790 1791
1792 1793 1795 1796 1797
1798 1800 1801 1802 1803
1805 1806 1807 1808 1810
1811 1812 1813 1815 1816
1817 1818 1820 1821 1822
1823 1825 1826 1827 1828
1830 1831 1832 1833 1835
1836 1837 1839 1840 1841
1842 1844 1845 1846 1847
1849 1850 1851 1852 1854
1855 1856 1857 1859 1860
1861 1862 1864 1865 1866
1868 1869 1870 1871 1873
1874 1875 1876 1878 1879
1880 1881 1883 1884 1885
1887 1888 1889 1890 1892
1893 1894 1895 1897 1898
1899 1900 1902 1903 1904
1906 1907 1908 1909 1911
1912 1913 1914 1916 1917
1918 1919 1921 1922 1923
1925 1926 1927 1928 1930
1931 1932 1933 1935 1936
1937 1939 1940 1941 1942
1944 1945 1946 1947 1949
1950 1951 1953 1954 1955
1956 1958 1959 1960 1962
1963 1964 1965 1967 1968
1969 1970 1972 1973 1974
1976 1977 1978 1979 1981
1982 1983 1985 1986 1987
1988 1990 1991 1992 1994
1995 1996 1997 1999 2000
2001 2002 2004 2005 2006
2008 2009 2010 2011 2013
2014 2015 2017 2018 2019
2020 2022 2023 2024 2026
2027 2028 2029 2031 2032
2033 2035 2036 2037 2038
2040 2041 2042 2044 2045
2046 2048 2049 2050 2051
2053 2054 2055 2057 2058
2059 2060 2062 2063 2064
2066 2067 2068 2069 2071
2072 2073 2075 2076 2077
2079 2080 2081 2082 2084
2085 2086 2088 2089 2090
2091 2093 2094 2095 2097
2098 2099 2101 2102 2103
2104 2106 2107 2108 2110
2111 2112 2114 2115 2116
2117 2119 2120 2121 2123
2124 2125 2127 2128 2129
2130 2132 2133 2134 2136
2137 2138 2140 2141 2142
2143 2145 2146 2147 2149
2150 2151 2153 2154 2155
2157 2158 2159 2160 2162
2163 2164 2166 2167 2168
2170 2171 2172 2174 2175
2176 2177 2179 2180 2181
2183 2184 2185 2187 2188
2189 2191 2192 2193 2195
2196 2197 2198 2200 2201
2202 2204 2205 2206 2208
2209 2210 2212 2213 2214
2216 2217 2218 2219 2221
2222 2223 2225 2226 2227
2229 2230 2231 2233 2234
2235 2237 2238 2239 2241
2242 2243 2245 2246 2247
2248 2250 2251 2252 2254
2255 2256 2258 2259 2260
2262 2263 2264 2266 2267
2268 2270 2271 2272 2274
2275 2276 2278 2279 2280
2282 2283 2284 2285 2287
2288 2289 2291 2292 2293
2295 2296 2297 2299 2300
2301 2303 2304 2305 2307
2308 2309 2311 2312 2313
2315 2316 2317 2319 2320
2321 2323 2324 2325 2327
2328 2329 2331 2332 2333
2335 2336 2337 2339 2340
2341 2343 2344 2345 2347
2348 2349 2351 2352 2353
2355 2356 2357 2359 2360
2361 2363 2364 2365 2367
2368 2369 2371 2372 2373
2375 2376 2377 2379 2380
2381 2383 2384 2385 2387
2388 2389 2391 2392 2394
2395 2396 2398 2399 2400
2402 2403 2404 2406 2407
2408 2410 2411 2412 2414
2415 2416 2418 2419 2420
2422 2423 2424 2426 2427
2428 2430 2431 2433 2434
2435 2437 2438 2439 2441
2442 2443 2445 2446 2447
2449 2450 2451 2453 2454
2455 2457 2458 2460 2461
2462 2464 2465 2466 2468
2469 2470 2472 2473 2474
2476 2477 2478 2480 2481
2483 2484 2485 2487 2488
2489 2491 2492 2493 2495
2496 2497 2499 2500 2502
2503 2504 2506 2507 2508
2510 2511 2512 2514 2515
2516 2518 2519 2521 2522
2523 2525 2526 2527 2529
2530 2531 2533 2534 2536
2537 2538 2540 2541 2542
2544 2545 2546 2548 2549
2551 2552 2553 2555 2556
2557 2559 2560 2561 2563
2564 2566 2567 2568 2570
2571 2572 2574 2575 2577
2578 2579 2581 2582 2583
2585 2586 2587 2589 2590
2592 2593 2594 2596 2597
2598 2600 2601 2603 2604
2605 2607 2608 2609 2611
2612 2614 2615 2616 2618
2619 2620 2622 2623 2625
2626 2627 2629 2630 2631
2633 2634 2636 2637 2638
2640 2641 2643 2644 2645
2647 2648 2649 2651 2652
2654 2655 2656 2658 2659
2660 2662 2663 2665 2666
2667 2669 2670 2672 2673
2674 2676 2677 2678 2680
2681 2683 2684 2685 2687
2688 2690 2691 2692 2694
2695 2696 2698 2699 2701
2702 2703 2705 2706 2708
2709 2710 2712 2713 2715
2716 2717 2719 2720 2721
2723 2724 2726 2727 2728
2730 2731 2733 2734 2735
2737 2738 2740 2741 2742
2744 2745 2747 2748 2749
2751 2752 2754 2755 2756
2758 2759 2761 2762 2763
2765 2766 2768 2769 2770
2772 2773 2775 2776 2777
2779 2780 2782 2783 2784
2786 2787 2789 2790 2791
2793 2794 2796 2797 2798
2800 2801 2803 2804 2805
2807 2808 2810 2811 2812
2814 2815 2817 2818 2819
2821 2822 2824 2825 2826
2828 2829 2831 2832 2834
2835 2836 2838 2839 2841
2842 2843 2845 2846 2848
2849 2850 2852 2853 2855
2856 2858 2859 2860 2862
2863 2865 2866 2867 2869
2870 2872 2873 2874 2876
2877 2879 2880 2882 2883
2884 2886 2887 2889 2890
2891 2893 2894 2896 2897
2899 2900 2901 2903 2904
2906 2907 2908 2910 2911
2913 2914 2916 2917 2918
2920 2921 2923 2924 2926
2927 2928 2930 2931 2933
2934 2936 2937 2938 2940
2941 2943 2944 2946 2947
2948 2950 2951 2953 2954
2955 2957 2958 2960 2961
2963 2964 2965 2967 2968
2970 2971 2973 2974 2976
2977 2978 2980 2981 2983
2984 2986 2987 2988 2990
2991 2993 2994 2996 2997
2998 3000 3001 3003 3004
3006 3007 3008 3010 3011
3013 3014 3016 3017 3019
3020 3021 3023 3024 3026
3027 3029 3030 3031 3033
3034 3036 3037 3039 3040
3042 3043 3044 3046 3047
3049 3050 3052 3053 3055
3056 3057 3059 3060 3062
3063 3065 3066 3068 3069
3070 3072 3073 3075 3076
3078 3079 3081 3082 3083
3085 3086 3088 3089 3091
3092 3094 3095 3096 3098
3099 3101 3102 3104 3105
3107 3108 3110 3111 3112
3114 3115 3117 3118 3120
3121 3123 3124 3126 3127
3128 3130 3131 3133 3134
3136 3137 3139 3140 3142
3143 3144 3146 3147 3149
3150 3152 3153 3155 3156
3158 3159 3160 3162 3163
3165 3166 3168 3169 3171
3172 3174 3175 3177 3178
3179 3181 3182 3184 3185
3187 3188 3190 3191 3193
3194 3196 3197 3199 3200
3201 3203 3204 3206 3207
3209 3210 3212 3213 3215
3216 3218 3219 3221 3222
3223 3225 3226 3228 3229
3231 3232 3234 3235 3237
3238 3240 3241 3243 3244
3246 3247 3248 3250 3251
3253 3254 3256 3257 3259
3260 3262 3263 3265 3266
3268 3269 3271 3272 3274
3275 3277 3278 3279 3281
3282 3284 3285 3287 3288
3290 3291 3293 3294 3296
3297 3299 3300 3302 3303
3305 3306 3308 3309 3311
3312 3314 3315 3317 3318
3319 3321 3322 3324 3325
3327 3328 3330 3331 3333
3334 3336 3337 3339 3340
3342 3343 3345 3346 3348
3349 3351 3352 3354 3355
3357 3358 3360 3361 3363
3364 3366 3367 3369 3370
3372 3373 3375 3376 3378
3379 3381 3382 3384 3385
3387 3388 3390 3391 3393
3394 3395 3397 3398 3400
3401 3403 3404 3406 3407
3409 3410 3412 3413 3415
3416 3418 3419 3421 3422
3424 3425 3427 3428 3430
3431 3433 3434 3436 3437
3439 3440 3442 3444 3445
3447 3448 3450 3451 3453
3454 3456 3457 3459 3460
3462 3463 3465 3466 3468
3469 3471 3472 3474 3475
3477 3478 3480 3481 3483
3484 3486 3487 3489 3490
3492 3493 3495 3496 3498
3499 3501 3502 3504 3505
3507 3508 3510 3511 3513
3514 3516 3517 3519 3521
3522 3524 3525 3527 3528
3530 3531 3533 3534 3536
3537 3539 3540 3542 3543
3545 3546 3548 3549 3551
3552 3554 3555 3557 3559
3560 3562 3563 3565 3566
3568 3569 3571 3572 3574
3575 3577 3578 3580 3581
3583 3584 3586 3587 3589
3591 3592 3594 3595 3597
3598 3600 3601 3603 3604
3606 3607 3609 3610 3612
3613 3615 3617 3618 3620
3621 3623 3624 3626 3627
3629 3630 3632 3633 3635
3636 3638 3640 3641 3643
3644 3646 3647 3649 3650
3652 3653 3655 3656 3658
3660 3661 3663 3664 3666
3667 3669 3670 3672 3673
3675 3676 3678 3680 3681
3683 3684 3686 3687 3689
3690 3692 3693 3695 3697
3698 3700 3701 3703 3704
3706 3707 3709 3710 3712
3714 3715 3717 3718 3720
3721 3723 3724 3726 3727
3729 3731 3732 3734 3735
3737 3738 3740 3741 3743
3744 3746 3748 3749 3751
3752 3754 3755 3757 3758
3760 3762 3763 3765 3766
3768 3769 3771 3772 3774
3776 3777 3779 3780 3782
3783 3785 3786 3788 3790
3791 3793 3794 3796 3797
3799 3801 3802 3804 3805
3807 3808 3810 3811 3813
3815 3816 3818 3819 3821
3822 3824 3826 3827 3829
3830 3832 3833 3835 3836
3838 3840 3841 3843 3844
3846 3847 3849 3851 3852
3854 3855 3857 3858 3860
3862 3863 3865 3866 3868
3869 3871 3873 3874 3876
3877 3879 3880 3882 3884
3885 3887 3888 3890 3891
3893 3895 3896 3898 3899
3901 3903 3904 3906 3907
3909 3910 3912 3914 3915
3917 3918 3920 3921 3923
3925 3926 3928 3929 3931
3933 3934 3936 3937 3939
3940 3942 3944 3945 3947
3948 3950 3952 3953 3955
3956 3958 3959 3961 3963
3964 3966 3967 3969 3971
3972 3974 3975 3977 3979
3980 3982 3983 3985 3986
3988 3990 3991 3993 3994
3996 3998 3999 4001 4002
4004 4006 4007 4009 4010
4012 4014 4015 4017 4018
4020 4022 4023 4025 4026
4028 4030 4031 4033 4034
4036 4038 4039 4041 4042
4044 4046 4047 4049 4050
4052 4054 4055 4057 4058
4060 4062 4063 4065 4066
4068 4070 4071 4073 4074
4076 4078 4079 4081 4082
4084 4086 4087 4089 4090
4092 4094 4095 4097 4098
4100 4102 4103 4105 4107
4108 4110 4111 4113 4115
4116 4118 4119 4121 4123
4124 4126 4127 4129 4131
4132 4134 4136 4137 4139
4140 4142 4144 4145 4147
4148 4150 4152 4153 4155
4157 4158 4160 4161 4163
4165 4166 4168 4170 4171
4173 4174 4176 4178 4179
4181 4182 4184 4186 4187
4189 4191 4192 4194 4195
4197 4199 4200 4202 4204
4205 4207 4208 4210 4212
4213 4215 4217 4218 4220
4221 4223 4225 4226 4228
4230 4231 4233 4235 4236
4238 4239 4241 4243 4244
4246 4248 4249 4251 4252
4254 4256 4257 4259 4261
4262 4264 4266 4267 4269
4270 4272 4274 4275 4277
4279 4280 4282 4284 4285
4287 4288 4290 4292 4293
4295 4297 4298 4300 4302
4303 4305 4307 4308 4310
4311 4313 4315 4316 4318
4320 4321 4323 4325 4326
4328 4330 4331 4333 4335
4336 4338 4339 4341 4343
4344 4346 4348 4349 4351
4353 4354 4356 4358 4359
4361 4363 4364 4366 4368
4369 4371 4372 4374 4376
4377 4379 4381 4382 4384
4386 4387 4389 4391 4392
4394 4396 4397 4399 4401
4402 4404 4406 4407 4409
4411 4412 4414 4416 4417
4419 4421 4422 4424 4426
4427 4429 4431 4432 4434
4436 4437 4439 4441 4442
4444 4445 4447 4449 4450
4452 4454 4455 4457 4459
4460 4462 4464 4466 4467
4469 4471 4472 4474 4476
4477 4479 4481 4482 4484
4486 4487 4489 4491 4492
4494 4496 4497 4499 4501
4502 4504 4506 4507 4509
4511 4512 4514 4516 4517
4519 4521 4522 4524 4526
4527 4529 4531 4532 4534
4536 4538 4539 4541 4543
4544 4546 4548 4549 4551
4553 4554 4556 4558 4559
4561 4563 4564 4566 4568
4569 4571 4573 4575 4576
4578 4580 4581 4583 4585
4586 4588 4590 4591 4593
4595 4597 4598 4600 4602
4603 4605 4607 4608 4610
4612 4613 4615 4617 4619
4620 4622 4624 4625 4627
4629 4630 4632 4634 4635
4637 4639 4641 4642 4644
4646 4647 4649 4651 4652
4654 4656 4658 4659 4661
4663 4664 4666 4668 4669
4671 4673 4675 4676 4678
4680 4681 4683 4685 4686
4688 4690 4692 4693 4695
4697 4698 4700 4702 4704
4705 4707 4709 4710 4712
4714 4716 4717 4719 4721
4722 4724 4726 4727 4729
4731 4733 4734 4736 4738
4739 4741 4743 4745 4746
4748 4750 4751 4753 4755
4757 4758 4760 4762 4764
4765 4767 4769 4770 4772
4774 4776 4777 4779 4781
4782 4784 4786 4788 4789
4791 4793 4794 4796 4798
4800 4801 4803 4805 4807
4808 4810 4812 4813 4815
4817 4819 4820 4822 4824
4826 4827 4829 4831 4832
4834 4836 4838 4839 4841
4843 4845 4846 4848 4850
4851 4853 4855 4857 4858
4860 4862 4864 4865 4867
4869 4871 4872 4874 4876
4878 4879 4881 4883 4884
4886 4888 4890 4891 4893
4895 4897 4898 4900 4902
4904 4905 4907 4909 4911
4912 4914 4916 4918 4919
4921 4923 4925 4926 4928
4930 4932 4933 4935 4937
4938 4940 4942 4944 4945
4947 4949 4951 4952 4954
4956 4958 4959 4961 4963
4965 4966 4968 4970 4972
4973 4975 4977 4979 4981
4982 4984 4986 4988 4989
4991 4993 4995 4996 4998
5000 5002 5003 5005 5007
5009 5010 5012 5014 5016
5017 5019 5021 5023 5024
5026 5028 5030 5031 5033
5035 5037 5039 5040 5042
5044 5046 5047 5049 5051
5053 5054 5056 5058 5060
5062 5063 5065 5067 5069
5070 5072 5074 5076 5077
5079 5081 5083 5085 5086
5088 5090 5092 5093 5095
5097 5099 5100 5102 5104
5106 5108 5109 5111 5113
5115 5116 5118 5120 5122
5124 5125 5127 5129 5131
5132 5134 5136 5138 5140
5141 5143 5145 5147 5148
5150 5152 5154 5156 5157
5159 5161 5163 5165 5166
5168 5170 5172 5173 5175
5177 5179 5181 5182 5184
5186 5188 5190 5191 5193
5195 5197 5198 5200 5202
5204 5206 5207 5209 5211
5213 5215 5216 5218 5220
5222 5224 5225 5227 5229
5231 5233 5234 5236 5238
5240 5242 5243 5245 5247
5249 5251 5252 5254 5256
5258 5260 5261 5263 5265
5267 5269 5270 5272 5274
5276 5278 5279 5281 5283
5285 5287 5288 5290 5292
5294 5296 5297 5299 5301
5303 5305 5306 5308 5310
5312 5314 5316 5317 5319
5321 5323 5325 5326 5328
5330 5332 5334 5335 5337
5339 5341 5343 5345 5346
5348 5350 5352 5354 5355
5357 5359 5361 5363 5365
5366 5368 5370 5372 5374
5375 5377 5379 5381 5383
5385 5386 5388 5390 5392
5394 5395 5397 5399 5401
5403 5405 5406 5408 5410
5412 5414 5416 5417 5419
5421 5423 5425 5427 5428
5430 5432 5434 5436 5438
5439 5441 5443 5445 5447
5449 5450 5452 5454 5456
5458 5460 5461 5463 5465
5467 5469 5471 5472 5474
5476 5478 5480 5482 5483
5485 5487 5489 5491 5493
5494 5496 5498 5500 5502
5504 5505 5507 5509 5511
5513 5515 5517 5518 5520
5522 5524 5526 5528 5529
5531 5533 5535 5537 5539
5541 5542 5544 5546 5548
5550 5552 5554 5555 5557
5559 5561 5563 5565 5566
5568 5570 5572 5574 5576
5578 5579 5581 5583 5585
5587 5589 5591 5592 5594
5596 5598 5600 5602 5604
5605 5607 5609 5611 5613
5615 5617 5618 5620 5622
5624 5626 5628 5630 5632
5633 5635 5637 5639 5641
5643 5645 5646 5648 5650
5652 5654 5656 5658 5660
5661 5663 5665 5667 5669
5671 5673 5674 5676 5678
5680 5682 5684 5686 5688
5689 5691 5693 5695 5697
5699 5701 5703 5704 5706
5708 5710 5712 5714 5716
5718 5720 5721 5723 5725
5727 5729 5731 5733 5735
5736 5738 5740 5742 5744
5746 5748 5750 5752 5753
5755 5757 5759 5761 5763
5765 5767 5768 5770 5772
5774 5776 5778 5780 5782
5784 5785 5787 5789 5791
5793 5795 5797 5799 5801
5803 5804 5806 5808 5810
5812 5814 5816 5818 5820
5821 5823 5825 5827 5829
5831 5833 5835 5837 5839
5840 5842 5844 5846 5848
5850 5852 5854 5856 5858
5859 5861 5863 5865 5867
5869 5871 5873 5875 5877
5879 5880 5882 5884 5886
5888 5890 5892 5894 5896
5898 5900 5901 5903 5905
5907 5909 5911 5913 5915
5917 5919 5921 5922 5924
5926 5928 5930 5932 5934
5936 5938 5940 5942 5944
5945 5947 5949 5951 5953
5955 5957 5959 5961 5963
5965 5967 5968 5970 5972
5974 5976 5978 5980 5982
5984 5986 5988 5990 5992
5994 5995 5997 5999 6001
6003 6005 6007 6009 6011
6013 6015 6017 6019 6021
6022 6024 6026 6028 6030
6032 6034 6036 6038 6040
6042 6044 6046 6048 6050
6051 6053 6055 6057 6059
6061 6063 6065 6067 6069
6071 6073 6075 6077 6079
6081 6082 6084 6086 6088
6090 6092 6094 6096 6098
6100 6102 6104 6106 6108
6110 6112 6114 6116 6117
6119 6121 6123 6125 6127
6129 6131 6133 6135 6137
6139 6141 6143 6145 6147
6149 6151 6153 6155 6157
6158 6160 6162 6164 6166
6168 6170 6172 6174 6176
6178 6180 6182 6184 6186
6188 6190 6192 6194 6196
6198 6200 6202 6204 6205
6207 6209 6211 6213 6215
6217 6219 6221 6223 6225
6227 6229 6231 6233 6235
6237 6239 6241 6243 6245
6247 6249 6251 6253 6255
6257 6259 6261 6263 6265
6267 6268 6270 6272 6274
6276 6278 6280 6282 6284
6286 6288 6290 6292 6294
6296 6298 6300 6302 6304
6306 6308 6310 6312 6314
6316 6318 6320 6322 6324
6326 6328 6330 6332 6334
6336 6338 6340 6342 6344
6346 6348 6350 6352 6354
6356 6358 6360 6362 6364
6366 6368 6370 6372 6374
6376 6378 6380 6382 6384
6386 6388 6390 6392 6394
6396 6398 6400 6402 6404
6406 6408 6410 6412 6414
6416 6418 6420 6422 6424
6426 6428 6430 6432 6434
6436 6438 6440 6442 6444
6446 6448 6450 6452 6454
6456 6458 6460 6462 6464
6466 6468 6470 6472 6474
6476 6478 6480 6482 6484
6486 6488 6490 6492 6494
6496 6498 6500 6502 6504
6506 6508 6510 6512 6514
6516 6518 6520 6522 6524
6526 6528 6530 6532 6534
6536 6538 6540 6542 6544
6546 6548 6550 6552 6554
6556 6558 6560 6562 6565
6567 6569 6571 6573 6575
6577 6579 6581 6583 6585
6587 6589 6591 6593 6595
6597 6599 6601 6603 6605
6607 6609 6611 6613 6615
6617 6619 6621 6623 6625
6627 6630 6632 6634 6636
6638 6640 6642 6644 6646
6648 6650 6652 6654 6656
6658 6660 6662 6664 6666
6668 6670 6672 6674 6676
6679 6681 6683 6685 6687
6689 6691 6693 6695 6697
6699 6701 6703 6705 6707
6709 6711 6713 6715 6717
6720 6722 6724 6726 6728
6730 6732 6734 6736 6738
6740 6742 6744 6746 6748
6750 6752 6754 6757 6759
6761 6763 6765 6767 6769
6771 6773 6775 6777 6779
6781 6783 6785 6788 6790
6792 6794 6796 6798 6800
6802 6804 6806 6808 6810
6812 6814 6816 6819 6821
6823 6825 6827 6829 6831
6833 6835 6837 6839 6841
6843 6845 6848 6850 6852
6854 6856 6858 6860 6862
6864 6866 6868 6870 6873
6875 6877 6879 6881 6883
6885 6887 6889 6891 6893
6895 6897 6900 6902 6904
6906 6908 6910 6912 6914
6916 6918 6920 6923 6925
6927 6929 6931 6933 6935
6937 6939 6941 6943 6946
6948 6950 6952 6954 6956
6958 6960 6962 6964 6967
6969 6971 6973 6975 6977
6979 6981 6983 6985 6988
6990 6992 6994 6996 6998
7000 7002 7004 7006 7009
7011 7013 7015 7017 7019
7021 7023 7025 7027 7030
7032 7034 7036 7038 7040
7042 7044 7046 7049 7051
7053 7055 7057 7059 7061
7063 7066 7068 7070 7072
7074 7076 7078 7080 7082
7085 7087 7089 7091 7093
7095 7097 7099 7102 7104
7106 7108 7110 7112 7114
7116 7119 7121 7123 7125
7127 7129 7131 7133 7136
7138 7140 7142 7144 7146
7148 7150 7153 7155 7157
7159 7161 7163 7165 7167
7170 7172 7174 7176 7178
7180 7182 7185 7187 7189
7191 7193 7195 7197 7200
7202 7204 7206 7208 7210
7212 7215 7217 7219 7221
7223 7225 7227 7230 7232
7234 7236 7238 7240 7242
7245 7247 7249 7251 7253
7255 7257 7260 7262 7264
7266 7268 7270 7272 7275
7277 7279 7281 7283 7285
7288 7290 7292 7294 7296
7298 7300 7303 7305 7307
7309 7311 7313 7316 7318
7320 7322 7324 7326 7329
7331 7333 7335 7337 7339
7342 7344 7346 7348 7350
7352 7355 7357 7359 7361
7363 7365 7368 7370 7372
7374 7376 7378 7381 7383
7385 7387 7389 7391 7394
7396 7398 7400 7402 7404
7407 7409 7411 7413 7415
7418 7420 7422 7424 7426
7428 7431 7433 7435 7437
7439 7442 7444 7446 7448
7450 7452 7455 7457 7459
7461 7463 7466 7468 7470
7472 7474 7477 7479 7481
7483 7485 7487 7490 7492
7494 7496 7498 7501 7503
7505 7507 7509 7512 7514
7516 7518 7520 7523 7525
7527 7529 7531 7534 7536
7538 7540 7542 7545 7547
7549 7551 7553 7556 7558
7560 7562 7564 7567 7569
7571 7573 7575 7578 7580
7582 7584 7586 7589 7591
7593 7595 7598 7600 7602
7604 7606 7609 7611 7613
7615 7617 7620 7622 7624
7626 7629 7631 7633 7635
7637 7640 7642 7644 7646
7648 7651 7653 7655 7657
7660 7662 7664 7666 7668
7671 7673 7675 7677 7680
7682 7684 7686 7689 7691
7693 7695 7697 7700 7702
7704 7706 7709 7711 7713
7715 7718 7720 7722 7724
7726 7729 7731 7733 7735
7738 7740 7742 7744 7747
7749 7751 7753 7756 7758
7760 7762 7764 7767 7769
7771 7773 7776 7778 7780
7782 7785 7787 7789 7791
7794 7796 7798 7800 7803
7805 7807 7809 7812 7814
7816 7818 7821 7823 7825
7827 7830 7832 7834 7836
7839 7841 7843 7845 7848
7850 7852 7854 7857 7859
7861 7864 7866 7868 7870
7873 7875 7877 7879 7882
7884 7886 7888 7891 7893
7895 7897 7900 7902 7904
7907 7909 7911 7913 7916
7918 7920 7922 7925 7927
7929 7931 7934 7936 7938
7941 7943 7945 7947 7950
7952 7954 7956 7959 7961
7963 7966 7968 7970 7972
7975 7977 7979 7982 7984
7986 7988 7991 7993 7995
7998 8000 8002 8004 8007
8009 8011 8014 8016 8018
8020 8023 8025 8027 8030
8032 8034 8036 8039 8041
8043 8046 8048 8050 8052
8055 8057 8059 8062 8064
8066 8069 8071 8073 8075
8078 8080 8082 8085 8087
8089 8092 8094 8096 8098
8101 8103 8105 8108 8110
8112 8115 8117 8119 8122
8124 8126 8128 8131 8133
8135 8138 8140 8142 8145
8147 8149 8152 8154 8156
8158 8161 8163 8165 8168
8170 8172 8175 8177 8179
8182 8184 8186 8189 8191
8193 8196 8198 8200 8203
8205 8207 8209 8212 8214
8216 8219 8221 8223 8226
8228 8230 8233 8235 8237
8240 8242 8244 8247 8249
8251 8254 8256 8258 8261
8263 8265 8268 8270 8272
8275 8277 8279 8282 8284
8286 8289 8291 8293 8296
8298 8300 8303 8305 8307
8310 8312 8314 8317 8319
8321 8324 8326 8329 8331
8333 8336 8338 8340 8343
8345 8347 8350 8352 8354
8357 8359 8361 8364 8366
8368 8371 8373 8376 8378
8380 8383 8385 8387 8390
8392 8394 8397 8399 8401
8404 8406 8409 8411 8413
8416 8418 8420 8423 8425
8427 8430 8432 8435 8437
8439 8442 8444 8446 8449
8451 8453 8456 8458 8461
8463 8465 8468 8470 8472
8475 8477 8480 8482 8484
8487 8489 8491 8494 8496
8499 8501 8503 8506 8508
8510 8513 8515 8518 8520
8522 8525 8527 8529 8532
8534 8537 8539 8541 8544
8546 8549 8551 8553 8556
8558 8560 8563 8565 8568
8570 8572 8575 8577 8580
8582 8584 8587 8589 8592
8594 8596 8599 8601 8604
8606 8608 8611 8613 8616
8618 8620 8623 8625 8628
8630 8632 8635 8637 8640
8642 8644 8647 8649 8652
8654 8656 8659 8661 8664
8666 8668 8671 8673 8676
8678 8680 8683 8685 8688
8690 8693 8695 8697 8700
8702 8705 8707 8709 8712
8714 8717 8719 8722 8724
8726 8729 8731 8734 8736
8738 8741 8743 8746 8748
8751 8753 8755 8758 8760
8763 8765 8768 8770 8772
8775 8777 8780 8782 8785
8787 8789 8792 8794 8797
8799 8802 8804 8806 8809
8811 8814 8816 8819 8821
8823 8826 8828 8831 8833
8836 8838 8841 8843 8845
8848 8850 8853 8855 8858
8860 8863 8865 8867 8870
8872 8875 8877 8880 8882
8885 8887 8889 8892 8894
8897 8899 8902 8904 8907
8909 8912 8914 8916 8919
8921 8924 8926 8929 8931
8934 8936 8939 8941 8943
8946 8948 8951 8953 8956
8958 8961 8963 8966 8968
8971 8973 8976 8978 8980
8983 8985 8988 8990 8993
8995 8998 9000 9003 9005
9008 9010 9013 9015 9018
9020 9022 9025 9027 9030
9032 9035 9037 9040 9042
9045 9047 9050 9052 9055
9057 9060 9062 9065 9067
9070 9072 9075 9077 9080
9082 9084 9087 9089 9092
9094 9097 9099 9102 9104
9107 9109 9112 9114 9117
9119 9122 9124 9127 9129
9132 9134 9137 9139 9142
9144 9147 9149 9152 9154
9157 9159 9162 9164 9167
9169 9172 9174 9177 9179
9182 9184 9187 9189 9192
9194 9197 9199 9202 9204
9207 9209 9212 9214 9217
9219 9222 9225 9227 9230
9232 9235 9237 9240 9242
9245 9247 9250 9252 9255
9257 9260 9262 9265 9267
9270 9272 9275 9277 9280
9282 9285 9287 9290 9293
9295 9298 9300 9303 9305
9308 9310 9313 9315 9318
9320 9323 9325 9328 9331
9333 9336 9338 9341 9343
9346 9348 9351 9353 9356
9358 9361 9363 9366 9369
9371 9374 9376 9379 9381
9384 9386 9389 9391 9394
9397 9399 9402 9404 9407
9409 9412 9414 9417 9419
9422 9425 9427 9430 9432
9435 9437 9440 9442 9445
9448 9450 9453 9455 9458
9460 9463 9465 9468 9471
9473 9476 9478 9481 9483
9486 9489 9491 9494 9496
9499 9501 9504 9506 9509
9512 9514 9517 9519 9522
9524 9527 9530 9532 9535
9537 9540 9542 9545 9548
9550 9553 9555 9558 9561
9563 9566 9568 9571 9573
9576 9579 9581 9584 9586
9589 9591 9594 9597 9599
9602 9604 9607 9610 9612
9615 9617 9620 9623 9625
9628 9630 9633 9635 9638
9641 9643 9646 9648 9651
9654 9656 9659 9661 9664
9667 9669 9672 9674 9677
9680 9682 9685 9687 9690
9693 9695 9698 9700 9703
9706 9708 9711 9713 9716
9719 9721 9724 9727 9729
9732 9734 9737 9740 9742
9745 9747 9750 9753 9755
9758 9760 9763 9766 9768
9771 9774 9776 9779 9781
9784 9787 9789 9792 9795
9797 9800 9802 9805 9808
9810 9813 9816 9818 9821
9823 9826 9829 9831 9834
9837 9839 9842 9844 9847
9850 9852 9855 9858 9860
9863 9866 9868 9871 9873
9876 9879 9881 9884 9887
9889 9892 9895 9897 9900
9902 9905 9908 9910 9913
9916 9918 9921 9924 9926
9929 9932 9934 9937 9940
9942 9945 9947 9950 9953
9955 9958 9961 9963 9966
9969 9971 9974 9977 9979
9982 9985 9987 9990 9993
9995 9998 10001 10003 10006
10009 10011 10014 10017 10019
10022 10025 10027 10030 10033
10035 10038 10041 10043 10046
10049 10051 10054 10057 10059
10062 10065 10067 10070 10073
10075 10078 10081 10083 10086
10089 10091 10094 10097 10100
10102 10105 10108 10110 10113
10116 10118 10121 10124 10126
10129 10132 10134 10137 10140
10142 10145 10148 10151 10153
10156 10159 10161 10164 10167
10169 10172 10175 10178 10180
10183 10186 10188 10191 10194
10196 10199 10202 10205 10207
10210 10213 10215 10218 10221
10223 10226 10229 10232 10234
10237 10240 10242 10245 10248
10251 10253 10256 10259 10261
10264 10267 10270 10272 10275
10278 10280 10283 10286 10289
10291 10294 10297 10299 10302
10305 10308 10310 10313 10316
10318 10321 10324 10327 10329
10332 10335 10338 10340 10343
10346 10348 10351 10354 10357
10359 10362 10365 10368 10370
10373 10376 10379 10381 10384
10387 10389 10392 10395 10398
10400 10403 10406 10409 10411
10414 10417 10420 10422 10425
10428 10431 10433 10436 10439
10442 10444 10447 10450 10453
10455 10458 10461 10464 10466
10469 10472 10475 10477 10480
10483 10486 10488 10491 10494
10497 10499 10502 10505 10508
10510 10513 10516 10519 10522
10524 10527 10530 10533 10535
10538 10541 10544 10546 10549
10552 10555 10558 10560 10563
10566 10569 10571 10574 10577
10580 10582 10585 10588 10591
10594 10596 10599 10602 10605
10607 10610 10613 10616 10619
10621 10624 10627 10630 10633
10635 10638 10641 10644 10646
10649 10652 10655 10658 10660
10663 10666 10669 10672 10674
10677 10680 10683 10686 10688
10691 10694 10697 10700 10702
10705 10708 10711 10714 10716
10719 10722 10725 10728 10730
10733 10736 10739 10742 10744
10747 10750 10753 10756 10758
10761 10764 10767 10770 10773
10775 10778 10781 10784 10787
10789 10792 10795 10798 10801
10804 10806 10809 10812 10815
10818 10820 10823 10826 10829
10832 10835 10837 10840 10843
10846 10849 10852 10854 10857
10860 10863 10866 10869 10871
10874 10877 10880 10883 10886
10888 10891 10894 10897 10900
10903 10905 10908 10911 10914
10917 10920 10922 10925 10928
10931 10934 10937 10940 10942
10945 10948 10951 10954 10957
10959 10962 10965 10968 10971
10974 10977 10979 10982 10985
10988 10991 10994 10997 10999
11002 11005 11008 11011 11014
11017 11019 11022 11025 11028
11031 11034 11037 11040 11042
11045 11048 11051 11054 11057
11060 11062 11065 11068 11071
11074 11077 11080 11083 11085
11088 11091 11094 11097 11100
11103 11106 11108 11111 11114
11117 11120 11123 11126 11129
11132 11134 11137 11140 11143
11146 11149 11152 11155 11158
11160 11163 11166 11169 11172
11175 11178 11181 11184 11186
11189 11192 11195 11198 11201
11204 11207 11210 11213 11215
11218 11221 11224 11227 11230
11233 11236 11239 11242 11244
11247 11250 11253 11256 11259
11262 11265 11268 11271 11274
11276 11279 11282 11285 11288
11291 11294 11297 11300 11303
11306 11309 11312 11314 11317
11320 11323 11326 11329 11332
11335 11338 11341 11344 11347
11350 11352 11355 11358 11361
11364 11367 11370 11373 11376
11379 11382 11385 11388 11391
11394 11396 11399 11402 11405
11408 11411 11414 11417 11420
11423 11426 11429 11432 11435
11438 11441 11444 11446 11449
11452 11455 11458 11461 11464
11467 11470 11473 11476 11479
11482 11485 11488 11491 11494
11497 11500 11503 11506 11509
11511 11514 11517 11520 11523
11526 11529 11532 11535 11538
11541 11544 11547 11550 11553
11556 11559 11562 11565 11568
11571 11574 11577 11580 11583
11586 11589 11592 11595 11598
11601 11604 11607 11610 11613
11615 11618 11621 11624 11627
11630 11633 11636 11639 11642
11645 11648 11651 11654 11657
11660 11663 11666 11669 11672
11675 11678 11681 11684 11687
11690 11693 11696 11699 11702
11705 11708 11711 11714 11717
11720 11723 11726 11729 11732
11735 11738 11741 11744 11747
11750 11753 11756 11759 11762
11765 11768 11771 11774 11777
11780 11783 11786 11789 11792
11796 11799 11802 11805 11808
11811 11814 11817 11820 11823
11826 11829 11832 11835 11838
11841 11844 11847 11850 11853
11856 11859 11862 11865 11868
11871 11874 11877 11880 11883
11886 11889 11892 11895 11898
11902 11905 11908 11911 11914
11917 11920 11923 11926 11929
11932 11935 11938 11941 11944
11947 11950 11953 11956 11959
11962 11966 11969 11972 11975
11978 11981 11984 11987 11990
11993 11996 11999 12002 12005
12008 12011 12014 12017 12021
12024 12027 12030 12033 12036
12039 12042 12045 12048 12051
12054 12057 12060 12064 12067
12070 12073 12076 12079 12082
12085 12088 12091 12094 12097
12100 12104 12107 12110 12113
12116 12119 12122 12125 12128
12131 12134 12137 12141 12144
12147 12150 12153 12156 12159
12162 12165 12168 12171 12175
12178 12181 12184 12187 12190
12193 12196 12199 12202 12206
12209 12212 12215 12218 12221
12224 12227 12230 12233 12237
12240 12243 12246 12249 12252
12255 12258 12261 12265 12268
12271 12274 12277 12280 12283
12286 12290 12293 12296 12299
12302 12305 12308 12311 12314
12318 12321 12324 12327 12330
12333 12336 12340 12343 12346
12349 12352 12355 12358 12361
12365 12368 12371 12374 12377
12380 12383 12387 12390 12393
12396 12399 12402 12405 12409
12412 12415 12418 12421 12424
12427 12431 12434 12437 12440
12443 12446 12449 12453 12456
12459 12462 12465 12468 12472
12475 12478 12481 12484 12487
12490 12494 12497 12500 12503
12506 12509 12513 12516 12519
12522 12525 12528 12532 12535
12538 12541 12544 12547 12551
12554 12557 12560 12563 12566
12570 12573 12576 12579 12582
12586 12589 12592 12595 12598
12601 12605 12608 12611 12614
12617 12621 12624 12627 12630
12633 12637 12640 12643 12646
12649 12652 12656 12659 12662
12665 12668 12672 12675 12678
12681 12684 12688 12691 12694
12697 12700 12704 12707 12710
12713 12716 12720 12723 12726
12729 12733 12736 12739 12742
12745 12749 12752 12755 12758
12761 12765 12768 12771 12774
12778 12781 12784 12787 12790
12794 12797 12800 12803 12807
12810 12813 12816 12819 12823
12826 12829 12832 12836 12839
12842 12845 12849 12852 12855
12858 12861 12865 12868 12871
12874 12878 12881 12884 12887
12891 12894 12897 12900 12904
12907 12910 12913 12917 12920
12923 12926 12930 12933 12936
12939 12943 12946 12949 12952
12956 12959 12962 12965 12969
12972 12975 12978 12982 12985
12988 12991 12995 12998 13001
13005 13008 13011 13014 13018
13021 13024 13027 13031 13034
13037 13041 13044 13047 13050
13054 13057 13060 13063 13067
13070 13073 13077 13080 13083
13086 13090 13093 13096 13100
13103 13106 13109 13113 13116
13119 13123 13126 13129 13132
13136 13139 13142 13146 13149
13152 13156 13159 13162 13165
13169 13172 13175 13179 13182
13185 13189 13192 13195 13198
13202 13205 13208 13212 13215
13218 13222 13225 13228 13232
13235 13238 13242 13245 13248
13251 13255 13258 13261 13265
13268 13271 13275 13278 13281
13285 13288 13291 13295 13298
13301 13305 13308 13311 13315
13318 13321 13325 13328 13331
13335 13338 13341 13345 13348
13351 13355 13358 13361 13365
13368 13371 13375 13378 13381
13385 13388 13391 13395 13398
13402 13405 13408 13412 13415
13418 13422 13425 13428 13432
13435 13438 13442 13445 13448
13452 13455 13459 13462 13465
13469 13472 13475 13479 13482
13485 13489 13492 13496 13499
13502 13506 13509 13512 13516
13519 13523 13526 13529 13533
13536 13539 13543 13546 13550
13553 13556 13560 13563 13567
13570 13573 13577 13580 13583
13587 13590 13594 13597 13600
13604 13607 13611 13614 13617
13621 13624 13628 13631 13634
13638 13641 13645 13648 13651
13655 13658 13662 13665 13668
13672 13675 13679 13682 13685
13689 13692 13696 13699 13702
13706 13709 13713 13716 13720
13723 13726 13730 13733 13737
13740 13743 13747 13750 13754
13757 13761 13764 13767 13771
13774 13778 13781 13785 13788
13791 13795 13798 13802 13805
13809 13812 13815 13819 13822
13826 13829 13833 13836 13840
13843 13846 13850 13853 13857
13860 13864 13867 13871 13874
13877 13881 13884 13888 13891
13895 13898 13902 13905 13909
13912 13915 13919 13922 13926
13929 13933 13936 13940 13943
13947 13950 13954 13957 13960
13964 13967 13971 13974 13978
13981 13985 13988 13992 13995
13999 14002 14006 14009 14013
14016 14020 14023 14027 14030
14033 14037 14040 14044 14047
14051 14054 14058 14061 14065
14068 14072 14075 14079 14082
14086 14089 14093 14096 14100
14103 14107 14110 14114 14117
14121 14124 14128 14131 14135
14138 14142 14145 14149 14152
14156 14159 14163 14166 14170
14173 14177 14180 14184 14187
14191 14195 14198 14202 14205
14209 14212 14216 14219 14223
14226 14230 14233 14237 14240
14244 14247 14251 14254 14258
14261 14265 14269 14272 14276
14279 14283 14286 14290 14293
14297 14300 14304 14307 14311
14315 14318 14322 14325 14329
14332 14336 14339 14343 14346
14350 14354 14357 14361 14364
14368 14371 14375 14378 14382
14386 14389 14393 14396 14400
14403 14407 14411 14414 14418
14421 14425 14428 14432 14435
14439 14443 14446 14450 14453
14457 14460 14464 14468 14471
14475 14478 14482 14486 14489
14493 14496 14500 14503 14507
14511 14514 14518 14521 14525
14529 14532 14536 14539 14543
14546 14550 14554 14557 14561
14564 14568 14572 14575 14579
14582 14586 14590 14593 14597
14600 14604 14608 14611 14615
14619 14622 14626 14629 14633
14637 14640 14644 14647 14651
14655 14658 14662 14665 14669
14673 14676 14680 14684 14687
14691 14694 14698 14702 14705
14709 14713 14716 14720 14724
14727 14731 14734 14738 14742
14745 14749 14753 14756 14760
14763 14767 14771 14774 14778
14782 14785 14789 14793 14796
14800 14804 14807 14811 14815
14818 14822 14825 14829 14833
14836 14840 14844 14847 14851
14855 14858 14862 14866 14869
14873 14877 14880 14884 14888
14891 14895 14899 14902 14906
14910 14913 14917 14921 14924
14928 14932 14935 14939 14943
14946 14950 14954 14958 14961
14965 14969 14972 14976 14980
14983 14987 14991 14994 14998
15002 15005 15009 15013 15017
15020 15024 15028 15031 15035
15039 15042 15046 15050 15054
15057 15061 15065 15068 15072
15076 15079 15083 15087 15091
15094 15098 15102 15105 15109
15113 15117 15120 15124 15128
15131 15135 15139 15143 15146
15150 15154 15158 15161 15165
15169 15172 15176 15180 15184
15187 15191 15195 15199 15202
15206 15210 15214 15217 15221
15225 15228 15232 15236 15240
15243 15247 15251 15255 15258
15262 15266 15270 15273 15277
15281 15285 15288 15292 15296
15300 15303 15307 15311 15315
15319 15322 15326 15330 15334
15337 15341 15345 15349 15352
15356 15360 15364 15367 15371
15375 15379 15383 15386 15390
15394 15398 15401 15405 15409
15413 15417 15420 15424 15428
15432 15435 15439 15443 15447
15451 15454 15458 15462 15466
15470 15473 15477 15481 15485
15489 15492 15496 15500 15504
15508 15511 15515 15519 15523
15527 15530 15534 15538 15542
15546 15549 15553 15557 15561
15565 15569 15572 15576 15580
15584 15588 15591 15595 15599
15603 15607 15611 15614 15618
15622 15626 15630 15634 15637
15641 15645 15649 15653 15657
15660 15664 15668 15672 15676
15680 15683 15687 15691 15695
15699 15703 15706 15710 15714
15718 15722 15726 15730 15733
15737 15741 15745 15749 15753
15757 15760 15764 15768 15772
15776 15780 15784 15787 15791
15795 15799 15803 15807 15811
15814 15818 15822 15826 15830
15834 15838 15842 15845 15849
15853 15857 15861 15865 15869
15873 15876 15880 15884 15888
15892 15896 15900 15904 15908
15911 15915 15919 15923 15927
15931 15935 15939 15943 15947
15950 15954 15958 15962 15966
15970 15974 15978 15982 15986
15989 15993 15997 16001 16005
16009 16013 16017 16021 16025
16029 16033 16036 16040 16044
16048 16052 16056 16060 16064
16068 16072 16076 16080 16084
16087 16091 16095 16099 16103
16107 16111 16115 16119 16123
16127 16131 16135 16139 16143
16147 16150 16154 16158 16162
16166 16170 16174 16178 16182
16186 16190 16194 16198 16202
16206 16210 16214 16218 16222
16226 16230 16234 16237 16241
16245 16249 16253 16257 16261
16265 16269 16273 16277 16281
16285 16289 16293 16297 16301
16305 16309 16313 16317 16321
16325 16329 16333 16337 16341
16345 16349 16353 16357 16361
16365 16369 16373 16377 16381
16385 16389 16393 16397 16401
16405 16409 16413 16417 16421
16425 16429 16433 16437 16441
16445 16449 16453 16457 16461
16465 16469 16473 16477 16481
16485 16489 16493 16497 16501
16505 16509 16513 16517 16521
16525 16529 16533 16537 16541
16545 16549 16553 16557 16561
16566 16570 16574 16578 16582
16586 16590 16594 16598 16602
16606 16610 16614 16618 16622
16626 16630 16634 16638 16642
16646 16650 16655 16659 16663
16667 16671 16675 16679 16683
16687 16691 16695 16699 16703
16707 16711 16716 16720 16724
16728 16732 16736 16740 16744
16748 16752 16756 16760 16764
16769 16773 16777 16781 16785
16789 16793 16797 16801 16805
16809 16813 16818 16822 16826
16830 16834 16838 16842 16846
16850 16854 16859 16863 16867
16871 16875 16879 16883 16887
16891 16896 16900 16904 16908
16912 16916 16920 16924 16928
16933 16937 16941 16945 16949
16953 16957 16961 16966 16970
16974 16978 16982 16986 16990
16994 16999 17003 17007 17011
17015 17019 17023 17028 17032
17036 17040 17044 17048 17052
17057 17061 17065 17069 17073
17077 17081 17086 17090 17094
17098 17102 17106 17111 17115
17119 17123 17127 17131 17136
17140 17144 17148 17152 17156
17161 17165 17169 17173 17177
17181 17186 17190 17194 17198
17202 17207 17211 17215 17219
17223 17227 17232 17236 17240
17244 17248 17253 17257 17261
17265 17269 17274 17278 17282
17286 17290 17295 17299 17303
17307 17311 17316 17320 17324
17328 17332 17337 17341 17345
17349 17353 17358 17362 17366
17370 17375 17379 17383 17387
17391 17396 17400 17404 17408
17413 17417 17421 17425 17430
17434 17438 17442 17446 17451
17455 17459 17463 17468 17472
17476 17480 17485 17489 17493
17497 17502 17506 17510 17514
17519 17523 17527 17531 17536
17540 17544 17548 17553 17557
17561 17565 17570 17574 17578
17583 17587 17591 17595 17600
17604 17608 17612 17617 17621
17625 17630 17634 17638 17642
17647 17651 17655 17660 17664
17668 17672 17677 17681 17685
17690 17694 17698 17702 17707
17711 17715 17720 17724 17728
17733 17737 17741 17745 17750
17754 17758 17763 17767 17771
17776 17780 17784 17789 17793
17797 17801 17806 17810 17814
17819 17823 17827 17832 17836
17840 17845 17849 17853 17858
17862 17866 17871 17875 17879
17884 17888 17892 17897 17901
17905 17910 17914 17918 17923
17927 17931 17936 17940 17945
17949 17953 17958 17962 17966
17971 17975 17979 17984 17988
17992 17997 18001 18006 18010
18014 18019 18023 18027 18032
18036 18040 18045 18049 18054
18058 18062 18067 18071 18076
18080 18084 18089 18093 18097
18102 18106 18111 18115 18119
18124 18128 18133 18137 18141
18146 18150 18155 18159 18163
18168 18172 18177 18181 18185
18190 18194 18199 18203 18207
18212 18216 18221 18225 18229
18234 18238 18243 18247 18252
18256 18260 18265 18269 18274
18278 18283 18287 18291 18296
18300 18305 18309 18314 18318
18322 18327 18331 18336 18340
18345 18349 18354 18358 18362
18367 18371 18376 18380 18385
18389 18394 18398 18403 18407
18411 18416 18420 18425 18429
18434 18438 18443 18447 18452
18456 18461 18465 18469 18474
18478 18483 18487 18492 18496
18501 18505 18510 18514 18519
18523 18528 18532 18537 18541
18546 18550 18555 18559 18564
18568 18573 18577 18582 18586
18591 18595 18600 18604 18609
18613 18618 18622 18627 18631
18636 18640 18645 18649 18654
18658 18663 18667 18672 18676
18681 18685 18690 18694 18699
18704 18708 18713 18717 18722
18726 18731 18735 18740 18744
18749 18753 18758 18762 18767
18772 18776 18781 18785 18790
18794 18799 18803 18808 18812
18817 18822 18826 18831 18835
18840 18844 18849 18853 18858
18863 18867 18872 18876 18881
18885 18890 18895 18899 18904
18908 18913 18917 18922 18927
18931 18936 18940 18945 18950
18954 18959 18963 18968 18972
18977 18982 18986 18991 18995
19000 19005 19009 19014 19018
19023 19028 19032 19037 19041
19046 19051 19055 19060 19065
19069 19074 19078 19083 19088
19092 19097 19101 19106 19111
19115 19120 19125 19129 19134
19138 19143 19148 19152 19157
19162 19166 19171 19176 19180
19185 19189 19194 19199 19203
19208 19213 19217 19222 19227
19231 19236 19241 19245 19250
19255 19259 19264 19269 19273
19278 19282 19287 19292 19296
19301 19306 19310 19315 19320
19325 19329 19334 19339 19343
19348 19353 19357 19362 19367
19371 19376 19381 19385 19390
19395 19399 19404 19409 19414
19418 19423 19428 19432 19437
19442 19446 19451 19456 19461
19465 19470 19475 19479 19484
19489 19493 19498 19503 19508
19512 19517 19522 19527 19531
19536 19541 19545 19550 19555
19560 19564 19569 19574 19579
19583 19588 19593 19597 19602
19607 19612 19616 19621 19626
19631 19635 19640 19645 19650
19654 19659 19664 19669 19673
19678 19683 19688 19692 19697
19702 19707 19712 19716 19721
19726 19731 19735 19740 19745
19750 19754 19759 19764 19769
19774 19778 19783 19788 19793
19797 19802 19807 19812 19817
19821 19826 19831 19836 19841
19845 19850 19855 19860 19865
19869 19874 19879 19884 19889
19893 19898 19903 19908 19913
19917 19922 19927 19932 19937
19942 19946 19951 19956 19961
19966 19971 19975 19980 19985
19990 19995 20000 20004 20009
20014 20019 20024 20029 20033
20038 20043 20048 20053 20058
20062 20067 20072 20077 20082
20087 20092 20096 20101 20106
20111 20116 20121 20126 20130
20135 20140 20145 20150 20155
20160 20165 20169 20174 20179
20184 20189 20194 20199 20204
20208 20213 20218 20223 20228
20233 20238 20243 20248 20252
20257 20262 20267 20272 20277
20282 20287 20292 20297 20301
20306 20311 20316 20321 20326
20331 20336 20341 20346 20351
20356 20360 20365 20370 20375
20380 20385 20390 20395 20400
20405 20410 20415 20420 20425
20429 20434 20439 20444 20449
20454 20459 20464 20469 20474
20479 20484 20489 20494 20499
20504 20509 20514 20519 20524
20528 20533 20538 20543 20548
20553 20558 20563 20568 20573
20578 20583 20588 20593 20598
20603 20608 20613 20618 20623
20628 20633 20638 20643 20648
20653 20658 20663 20668 20673
20678 20683 20688 20693 20698
20703 20708 20713 20718 20723
20728 20733 20738 20743 20748
20753 20758 20763 20768 20773
20778 20783 20788 20793 20798
20803 20808 20813 20818 20823
20828 20833 20838 20843 20849
20854 20859 20864 20869 20874
20879 20884 20889 20894 20899
20904 20909 20914 20919 20924
20929 20934 20939 20945 20950
20955 20960 20965 20970 20975
20980 20985 20990 20995 21000
21005 21010 21016 21021 21026
21031 21036 21041 21046 21051
21056 21061 21066 21071 21077
21082 21087 21092 21097 21102
21107 21112 21117 21122 21128
21133 21138 21143 21148 21153
21158 21163 21168 21174 21179
21184 21189 21194 21199 21204
21209 21215 21220 21225 21230
21235 21240 21245 21251 21256
21261 21266 21271 21276 21281
21287 21292 21297 21302 21307
21312 21317 21323 21328 21333
21338 21343 21348 21354 21359
21364 21369 21374 21379 21385
21390 21395 21400 21405 21410
21416 21421 21426 21431 21436
21442 21447 21452 21457 21462
21467 21473 21478 21483 21488
21493 21499 21504 21509 21514
21519 21525 21530 21535 21540
21545 21551 21556 21561 21566
21572 21577 21582 21587 21592
21598 21603 21608 21613 21619
21624 21629 21634 21639 21645
21650 21655 21660 21666 21671
21676 21681 21687 21692 21697
21702 21708 21713 21718 21723
21729 21734 21739 21744 21750
21755 21760 21765 21771 21776
21781 21787 21792 21797 21802
21808 21813 21818 21823 21829
21834 21839 21845 21850 21855
21860 21866 21871 21876 21882
21887 21892 21898 21903 21908
21913 21919 21924 21929 21935
21940 21945 21951 21956 21961
21966 21972 21977 21982 21988
21993 21998 22004 22009 22014
22020 22025 22030 22036 22041
22046 22052 22057 22062 22068
22073 22078 22084 22089 22094
22100 22105 22110 22116 22121
22127 22132 22137 22143 22148
22153 22159 22164 22169 22175
22180 22186 22191 22196 22202
22207 22212 22218 22223 22229
22234 22239 22245 22250 22255
22261 22266 22272 22277 22282
22288 22293 22299 22304 22309
22315 22320 22326 22331 22336
22342 22347 22353 22358 22363
22369 22374 22380 22385 22391
22396 22401 22407 22412 22418
22423 22429 22434 22439 22445
22450 22456 22461 22467 22472
22477 22483 22488 22494 22499
22505 22510 22516 22521 22526
22532 22537 22543 22548 22554
22559 22565 22570 22576 22581
22587 22592 22598 22603 22608
22614 22619 22625 22630 22636
22641 22647 22652 22658 22663
22669 22674 22680 22685 22691
22696 22702 22707 22713 22718
22724 22729 22735 22740 22746
22751 22757 22762 22768 22773
22779 22784 22790 22795 22801
22806 22812 22818 22823 22829
22834 22840 22845 22851 22856
22862 22867 22873 22878 22884
22890 22895 22901 22906 22912
22917 22923 22928 22934 22940
22945 22951 22956 22962 22967
22973 22978 22984 22990 22995
23001 23006 23012 23017 23023
23029 23034 23040 23045 23051
23057 23062 23068 23073 23079
23085 23090 23096 23101 23107
23113 23118 23124 23129 23135
23141 23146 23152 23157 23163
23169 23174 23180 23185 23191
23197 23202 23208 23214 23219
23225 23231 23236 23242 23247
23253 23259 23264 23270 23276
23281 23287 23293 23298 23304
23310 23315 23321 23326 23332
23338 23343 23349 23355 23360
23366 23372 23377 23383 23389
23394 23400 23406 23411 23417
23423 23429 23434 23440 23446
23451 23457 23463 23468 23474
23480 23485 23491 23497 23503
23508 23514 23520 23525 23531
23537 23542 23548 23554 23560
23565 23571 23577 23583 23588
23594 23600 23605 23611 23617
23623 23628 23634 23640 23646
23651 23657 23663 23669 23674
23680 23686 23692 23697 23703
23709 23715 23720 23726 23732
23738 23743 23749 23755 23761
23766 23772 23778 23784 23789
23795 23801 23807 23813 23818
23824 23830 23836 23842 23847
23853 23859 23865 23871 23876
23882 23888 23894 23900 23905
23911 23917 23923 23929 23934
23940 23946 23952 23958 23963
23969 23975 23981 23987 23993
23998 24004 24010 24016 24022
24028 24033 24039 24045 24051
24057 24063 24068 24074 24080
24086 24092 24098 24104 24109
24115 24121 24127 24133 24139
24145 24150 24156 24162 24168
24174 24180 24186 24192 24197
24203 24209 24215 24221 24227
24233 24239 24245 24250 24256
24262 24268 24274 24280 24286
24292 24298 24304 24309 24315
24321 24327 24333 24339 24345
24351 24357 24363 24369 24375
24381 24386 24392 24398 24404
24410 24416 24422 24428 24434
24440 24446 24452 24458 24464
24470 24476 24482 24487 24493
24499 24505 24511 24517 24523
24529 24535 24541 24547 24553
24559 24565 24571 24577 24583
24589 24595 24601 24607 24613
24619 24625 24631 24637 24643
24649 24655 24661 24667 24673
24679 24685 24691 24697 24703
24709 24715 24721 24727 24733
24739 24745 24751 24757 24763
24769 24775 24781 24787 24793
24799 24805 24811 24817 24823
24830 24836 24842 24848 24854
24860 24866 24872 24878 24884
24890 24896 24902 24908 24914
24920 24926 24933 24939 24945
24951 24957 24963 24969 24975
24981 24987 24993 24999 25006
25012 25018 25024 25030 25036
25042 25048 25054 25060 25067
25073 25079 25085 25091 25097
25103 25109 25115 25122 25128
25134 25140 25146 25152 25158
25164 25171 25177 25183 25189
25195 25201 25207 25214 25220
25226 25232 25238 25244 25250
25257 25263 25269 25275 25281
25287 25294 25300 25306 25312
25318 25324 25331 25337 25343
25349 25355 25362 25368 25374
25380 25386 25393 25399 25405
25411 25417 25424 25430 25436
25442 25448 25455 25461 25467
25473 25479 25486 25492 25498
25504 25510 25517 25523 25529
25535 25542 25548 25554 25560
25567 25573 25579 25585 25592
25598 25604 25610 25617 25623
25629 25635 25642 25648 25654
25660 25667 25673 25679 25685
25692 25698 25704 25711 25717
25723 25729 25736 25742 25748
25755 25761 25767 25773 25780
25786 25792 25799 25805 25811
25817 25824 25830 25836 25843
25849 25855 25862 25868 25874
25881 25887 25893 25900 25906
25912 25919 25925 25931 25938
25944 25950 25957 25963 25969
25976 25982 25988 25995 26001
26007 26014 26020 26027 26033
26039 26046 26052 26058 26065
26071 26077 26084 26090 26097
26103 26109 26116 26122 26129
26135 26141 26148 26154 26161
26167 26173 26180 26186 26193
26199 26205 26212 26218 26225
26231 26237 26244 26250 26257
26263 26270 26276 26282 26289
26295 26302 26308 26315 26321
26327 26334 26340 26347 26353
26360 26366 26373 26379 26385
26392 26398 26405 26411 26418
26424 26431 26437 26444 26450
26457 26463 26470 26476 26483
26489 26496 26502 26509 26515
26522 26528 26534 26541 26547
26554 26561 26567 26574 26580
26587 26593 26600 26606 26613
26619 26626 26632 26639 26645
26652 26658 26665 26671 26678
26684 26691 26698 26704 26711
26717 26724 26730 26737 26743
26750 26756 26763 26770 26776
26783 26789 26796 26802 26809
26816 26822 26829 26835 26842
26848 26855 26862 26868 26875
26881 26888 26895 26901 26908
26914 26921 26928 26934 26941
26947 26954 26961 26967 26974
26980 26987 26994 27000 27007
27014 27020 27027 27033 27040
27047 27053 27060 27067 27073
27080 27087 27093 27100 27107
27113 27120 27127 27133 27140
27147 27153 27160 27167 27173
27180 27187 27193 27200 27207
27213 27220 27227 27233 27240
27247 27253 27260 27267 27273
27280 27287 27294 27300 27307
27314 27320 27327 27334 27341
27347 27354 27361 27367 27374
27381 27388 27394 27401 27408
27415 27421 27428 27435 27442
27448 27455 27462 27469 27475
27482 27489 27496 27502 27509
27516 27523 27529 27536 27543
27550 27556 27563 27570 27577
27584 27590 27597 27604 27611
27618 27624 27631 27638 27645
27651 27658 27665 27672 27679
27686 27692 27699 27706 27713
27720 27726 27733 27740 27747
27754 27761 27767 27774 27781
27788 27795 27802 27808 27815
27822 27829 27836 27843 27850
27856 27863 27870 27877 27884
27891 27898 27904 27911 27918
27925 27932 27939 27946 27953
27960 27966 27973 27980 27987
27994 28001 28008 28015 28022
28028 28035 28042 28049 28056
28063 28070 28077 28084 28091
28098 28105 28111 28118 28125
28132 28139 28146 28153 28160
28167 28174 28181 28188 28195
28202 28209 28216 28223 28230
28237 28243 28250 28257 28264
28271 28278 28285 28292 28299
28306 28313 28320 28327 28334
28341 28348 28355 28362 28369
28376 28383 28390 28397 28404
28411 28418 28425 28432 28439
28446 28453 28460 28467 28474
28481 28488 28496 28503 28510
28517 28524 28531 28538 28545
28552 28559 28566 28573 28580
28587 28594 28601 28608 28615
28622 28630 28637 28644 28651
28658 28665 28672 28679 28686
28693 28700 28707 28715 28722
28729 28736 28743 28750 28757
28764 28771 28779 28786 28793
28800 28807 28814 28821 28828
28836 28843 28850 28857 28864
28871 28878 28885 28893 28900
28907 28914 28921 28928 28936
28943 28950 28957 28964 28971
28979 28986 28993 29000 29007
29014 29022 29029 29036 29043
29050 29058 29065 29072 29079
29086 29094 29101 29108 29115
29122 29130 29137 29144 29151
29158 29166 29173 29180 29187
29195 29202 29209 29216 29224
29231 29238 29245 29253 29260
29267 29274 29282 29289 29296
29303 29311 29318 29325 29332
29340 29347 29354 29361 29369
29376 29383 29391 29398 29405
29412 29420 29427 29434 29442
29449 29456 29464 29471 29478
29486 29493 29500 29507 29515
29522 29529 29537 29544 29551
29559 29566 29573 29581 29588
29595 29603 29610 29617 29625
29632 29640 29647 29654 29662
29669 29676 29684 29691 29698
29706 29713 29721 29728 29735
29743 29750 29758 29765 29772
29780 29787 29795 29802 29809
29817 29824 29832 29839 29846
29854 29861 29869 29876 29884
29891 29898 29906 29913 29921
29928 29936 29943 29950 29958
29965 29973 29980 29988 29995
30003 30010 30018 30025 30032
30040 30047 30055 30062 30070
30077 30085 30092 30100 30107
30115 30122 30130 30137 30145
30152 30160 30167 30175 30182
30190 30197 30205 30212 30220
30227 30235 30242 30250 30258
30265 30273 30280 30288 30295
30303 30310 30318 30325 30333
30341 30348 30356 30363 30371
30378 30386 30394 30401 30409
30416 30424 30431 30439 30447
30454 30462 30469 30477 30485
30492 30500 30507 30515 30523
30530 30538 30545 30553 30561
30568 30576 30584 30591 30599
30606 30614 30622 30629 30637
30645 30652 30660 30668 30675
30683 30691 30698 30706 30714
30721 30729 30737 30744 30752
30760 30767 30775 30783 30790
30798 30806 30813 30821 30829
30836 30844 30852 30860 30867
30875 30883 30890 30898 30906
30914 30921 30929 30937 30945
30952 30960 30968 30975 30983
30991 30999 31006 31014 31022
31030 31037 31045 31053 31061
31069 31076 31084 31092 31100
31107 31115 31123 31131 31139
31146 31154 31162 31170 31178
31185 31193 31201 31209 31217
31224 31232 31240 31248 31256
31263 31271 31279 31287 31295
31303 31310 31318 31326 31334
31342 31350 31358 31365 31373
31381 31389 31397 31405 31413
31420 31428 31436 31444 31452
31460 31468 31476 31483 31491
31499 31507 31515 31523 31531
31539 31547 31555 31562 31570
31578 31586 31594 31602 31610
31618 31626 31634 31642 31650
31658 31666 31673 31681 31689
31697 31705 31713 31721 31729
31737 31745 31753 31761 31769
31777 31785 31793 31801 31809
31817 31825 31833 31841 31849
31857 31865 31873 31881 31889
31897 31905 31913 31921 31929
31937 31945 31953 31961 31969
31977 31985 31993 32001 32009
32017 32025 32033 32041 32050
32058 32066 32074 32082 32090
32098 32106 32114 32122 32130
32138 32146 32154 32163 32171
32179 32187 32195 32203 32211
32219 32227 32235 32244 32252
32260 32268 32276 32284 32292
32300 32309 32317 32325 32333
32341 32349 32357 32366 32374
32382 32390 32398 32406 32414
32423 32431 32439 32447 32455
32464 32472 32480 32488 32496
32504 32513 32521 32529 32537
32545 32554 32562 32570 32578
32586 32595 32603 32611 32619
32628 32636 32644 32652 32661
32669 32677 32685 32693 32702
32710 32718 32726 32735 32743
32751 32760 32768 32776 32784
32793 32801 32809 32817 32826
32834 32842 32851 32859 32867
32876 32884 32892 32900 32909
32917 32925 32934 32942 32950
32959 32967 32975 32984 32992
33000 33009 33017 33025 33034
33042 33050 33059 33067 33076
33084 33092 33101 33109 33117
33126 33134 33142 33151 33159
33168 33176 33184 33193 33201
33210 33218 33226 33235 33243
33252 33260 33269 33277 33285
33294 33302 33311 33319 33328
33336 33344 33353 33361 33370
33378 33387 33395 33404 33412
33420 33429 33437 33446 33454
33463 33471 33480 33488 33497
33505 33514 33522 33531 33539
33548 33556 33565 33573 33582
33590 33599 33607 33616 33624
33633 33641 33650 33659 33667
33676 33684 33693 33701 33710
33718 33727 33736 33744 33753
33761 33770 33778 33787 33795
33804 33813 33821 33830 33838
33847 33856 33864 33873 33881
33890 33899 33907 33916 33924
33933 33942 33950 33959 33968
33976 33985 33994 34002 34011
34019 34028 34037 34045 34054
34063 34071 34080 34089 34097
34106 34115 34123 34132 34141
34149 34158 34167 34176 34184
34193 34202 34210 34219 34228
34236 34245 34254 34263 34271
34280 34289 34298 34306 34315
34324 34333 34341 34350 34359
34368 34376 34385 34394 34403
34411 34420 34429 34438 34446
34455 34464 34473 34482 34490
34499 34508 34517 34526 34534
34543 34552 34561 34570 34578
34587 34596 34605 34614 34623
34631 34640 34649 34658 34667
34676 34684 34693 34702 34711
34720 34729 34738 34746 34755
34764 34773 34782 34791 34800
34809 34818 34826 34835 34844
34853 34862 34871 34880 34889
34898 34907 34916 34924 34933
34942 34951 34960 34969 34978
34987 34996 35005 35014 35023
35032 35041 35050 35059 35068
35077 35086 35095 35104 35113
35122 35131 35139 35148 35157
35166 35175 35184 35194 35203
35212 35221 35230 35239 35248
35257 35266 35275 35284 35293
35302 35311 35320 35329 35338
35347 35356 35365 35374 35383
35392 35401 35411 35420 35429
35438 35447 35456 35465 35474
35483 35492 35501 35511 35520
35529 35538 35547 35556 35565
35574 35584 35593 35602 35611
35620 35629 35638 35648 35657
35666 35675 35684 35693 35703
35712 35721 35730 35739 35748
35758 35767 35776 35785 35794
35804 35813 35822 35831 35840
35850 35859 35868 35877 35886
35896 35905 35914 35923 35933
35942 35951 35960 35970 35979
35988 35997 36007 36016 36025
36034 36044 36053 36062 36072
36081 36090 36099 36109 36118
36127 36137 36146 36155 36165
36174 36183 36193 36202 36211
36221 36230 36239 36249 36258
36267 36277 36286 36295 36305
36314 36323 36333 36342 36351
36361 36370 36380 36389 36398
36408 36417 36427 36436 36445
36455 36464 36474 36483 36492
36502 36511 36521 36530 36540
36549 36558 36568 36577 36587
36596 36606 36615 36625 36634
36643 36653 36662 36672 36681
36691 36700 36710 36719 36729
36738 36748 36757 36767 36776
36786 36795 36805 36814 36824
36833 36843 36852 36862 36872
36881 36891 36900 36910 36919
36929 36938 36948 36958 36967
36977 36986 36996 37005 37015
37025 37034 37044 37053 37063
37073 37082 37092 37101 37111
37121 37130 37140 37149 37159
37169 37178 37188 37198 37207
37217 37227 37236 37246 37256
37265 37275 37285 37294 37304
37314 37323 37333 37343 37352
37362 37372 37381 37391 37401
37411 37420 37430 37440 37449
37459 37469 37479 37488 37498
37508 37518 37527 37537 37547
37557 37566 37576 37586 37596
37605 37615 37625 37635 37645
37654 37664 37674 37684 37694
37703 37713 37723 37733 37743
37752 37762 37772 37782 37792
37802 37811 37821 37831 37841
37851 37861 37871 37880 37890
37900 37910 37920 37930 37940
37950 37959 37969 37979 37989
37999 38009 38019 38029 38039
38049 38058 38068 38078 38088
38098 38108 38118 38128 38138
38148 38158 38168 38178 38188
38198 38208 38218 38228 38238
38248 38258 38268 38278 38288
38298 38308 38318 38328 38338
38348 38358 38368 38378 38388
38398 38408 38418 38428 38438
38448 38458 38468 38478 38488
38498 38508 38518 38528 38538
38549 38559 38569 38579 38589
38599 38609 38619 38629 38639
38650 38660 38670 38680 38690
38700 38710 38720 38731 38741
38751 38761 38771 38781 38792
38802 38812 38822 38832 38842
38853 38863 38873 38883 38893
38903 38914 38924 38934 38944
38955 38965 38975 38985 38995
39006 39016 39026 39036 39047
39057 39067 39077 39088 39098
39108 39118 39129 39139 39149
39160 39170 39180 39190 39201
39211 39221 39232 39242 39252
39263 39273 39283 39294 39304
39314 39325 39335 39345 39356
39366 39376 39387 39397 39407
39418 39428 39438 39449 39459
39470 39480 39490 39501 39511
39522 39532 39542 39553 39563
39574 39584 39594 39605 39615
39626 39636 39647 39657 39668
39678 39688 39699 39709 39720
39730 39741 39751 39762 39772
39783 39793 39804 39814 39825
39835 39846 39856 39867 39877
39888 39898 39909 39919 39930
39941 39951 39962 39972 39983
39993 40004 40014 40025 40036
40046 40057 40067 40078 40088
40099 40110 40120 40131 40142
40152 40163 40173 40184 40195
40205 40216 40227 40237 40248
40258 40269 40280 40290 40301
40312 40322 40333 40344 40354
40365 40376 40387 40397 40408
40419 40429 40440 40451 40461
40472 40483 40494 40504 40515
40526 40537 40547 40558 40569
40580 40590 40601 40612 40623
40633 40644 40655 40666 40677
40687 40698 40709 40720 40731
40741 40752 40763 40774 40785
40796 40806 40817 40828 40839
40850 40861 40871 40882 40893
40904 40915 40926 40937 40948
40958 40969 40980 40991 41002
41013 41024 41035 41046 41057
41068 41078 41089 41100 41111
41122 41133 41144 41155 41166
41177 41188 41199 41210 41221
41232 41243 41254 41265 41276
41287 41298 41309 41320 41331
41342 41353 41364 41375 41386
41397 41408 41419 41430 41441
41452 41463 41474 41485 41496
41508 41519 41530 41541 41552
41563 41574 41585 41596 41607
41618 41630 41641 41652 41663
41674 41685 41696 41708 41719
41730 41741 41752 41763 41774
41786 41797 41808 41819 41830
41842 41853 41864 41875 41886
41898 41909 41920 41931 41942
41954 41965 41976 41987 41999
42010 42021 42032 42044 42055
42066 42077 42089 42100 42111
42123 42134 42145 42156 42168
42179 42190 42202 42213 42224
42236 42247 42258 42270 42281
42292 42304 42315 42326 42338
42349 42360 42372 42383 42395
42406 42417 42429 42440 42452
42463 42474 42486 42497 42509
42520 42532 42543 42554 42566
42577 42589 42600 42612 42623
42635 42646 42657 42669 42680
42692 42703 42715 42726 42738
42749 42761 42772 42784 42795
42807 42819 42830 42842 42853
42865 42876 42888 42899
