1 2 3 4 5
6 7 8 9 10
11 12 13 14 15
16 17 18 19 20
21 22 23 24 25
26 27 28 29 30
31 32 33 34 35
36 37 38 39 40
41 42 43 44 45
46 47 48 49 50
51 52 53 54 55
56 57 58 59 60
61 62 63 64 65
66 67 68 69 70
71 72 73 74 75
76 77 78 79 80
81 82 83 84 85
86 88 89 90 91
92 93 94 95 96
97 98 99 100 101
102 103 104 105 106
107 108 109 110 111
112 113 114 115 116
117 118 119 120 121
122 123 124 125 126
127 128 129 130 131
132 133 134 135 136
137 138 139 140 141
142 143 144 145 146
147 148 149 150 152
153 154 155 156 157
158 159 160 161 162
163 164 165 166 167
168 169 170 171 172
173 174 175 176 177
178 179 180 181 182
183 184 185 186 187
188 189 190 191 192
193 194 196 197 198
199 200 201 202 203
204 205 206 207 208
209 210 211 212 213
214 215 216 217 218
219 220 221 222 223
224 225 226 227 228
229 230 232 233 234
235 236 237 238 239
240 241 242 243 244
245 246 247 248 249
250 251 252 253 254
255 256 257 258 259
260 261 263 264 265
266 267 268 269 270
271 272 273 274 275
276 277 278 279 280
281 282 283 284 285
286 287 288 289 291
292 293 294 295 296
297 298 299 300 301
302 303 304 305 306
307 308 309 310 311
312 313 314 315 317
318 319 320 321 322
323 324 325 326 327
328 329 330 331 332
333 334 335 336 337
338 340 341 342 343
344 345 346 347 348
349 350 351 352 353
354 355 356 357 358
359 360 362 363 364
365 366 367 368 369
370 371 372 373 374
375 376 377 378 379
380 381 383 384 385
386 387 388 389 390
391 392 393 394 395
396 397 398 399 400
401 403 404 405 406
407 408 409 410 411
412 413 414 415 416
417 418 419 420 422
423 424 425 426 427
428 429 430 431 432
433 434 435 436 437
438 440 441 442 443
444 445 446 447 448
449 450 451 452 453
454 455 456 458 459
460 461 462 463 464
465 466 467 468 469
470 471 472 473 475
476 477 478 479 480
481 482 483 484 485
486 487 488 489 491
492 493 494 495 496
497 498 499 500 501
502 503 504 505 507
508 509 510 511 512
513 514 515 516 517
518 519 520 522 523
524 525 526 527 528
529 530 531 532 533
534 535 537 538 539
540 541 542 543 544
545 546 547 548 549
550 552 553 554 555
556 557 558 559 560
561 562 563 564 566
567 568 569 570 571
572 573 574 575 576
577 578 580 581 582
583 584 585 586 587
588 589 590 591 593
594 595 596 597 598
599 600 601 602 603
604 605 607 608 609
610 611 612 613 614
615 616 617 618 620
621 622 623 624 625
626 627 628 629 630
632 633 634 635 636
637 638 639 640 641
642 643 645 646 647
648 649 650 651 652
653 654 655 657 658
659 660 661 662 663
664 665 666 667 669
670 671 672 673 674
675 676 677 678 679
681 682 683 684 685
686 687 688 689 690
691 693 694 695 696
697 698 699 700 701
702 704 705 706 707
708 709 710 711 712
713 714 716 717 718
719 720 721 722 723
724 725 727 728 729
730 731 732 733 734
735 736 738 739 740
741 742 743 744 745
746 747 749 750 751
752 753 754 755 756
757 758 760 761 762
763 764 765 766 767
768 770 771 772 773
774 775 776 777 778
779 781 782 783 784
785 786 787 788 789
791 792 793 794 795
796 797 798 799 801
802 803 804 805 806
807 808 809 811 812
813 814 815 816 817
818 819 821 822 823
824 825 826 827 828
829 831 832 833 834
835 836 837 838 839
841 842 843 844 845
846 847 848 850 851
852 853 854 855 856
857 858 860 861 862
863 864 865 866 867
869 870 871 872 873
874 875 876 877 879
880 881 882 883 884
885 886 888 889 890
891 892 893 894 895
897 898 899 900 901
902 903 904 906 907
908 909 910 911 912
913 915 916 917 918
919 920 921 922 924
925 926 927 928 929
930 931 933 934 935
936 937 938 939 940
942 943 944 945 946
947 948 949 951 952
953 954 955 956 957
959 960 961 962 963
964 965 966 968 969
970 971 972 973 974
976 977 978 979 980
981 982 983 985 986
987 988 989 990 991
993 994 995 996 997
998 999 1001 1002 1003
1004 1005 1006 1007 1008
1010 1011 1012 1013 1014
1015 1016 1018 1019 1020
1021 1022 1023 1024 1026
1027 1028 1029 1030 1031
1032 1034 1035 1036 1037
1038 1039 1040 1042 1043
1044 1045 1046 1047 1048
1050 1051 1052 1053 1054
1055 1056 1058 1059 1060
1061 1062 1063 1064 1066
1067 1068 1069 1070 1071
1072 1074 1075 1076 1077
1078 1079 1081 1082 1083
1084 1085 1086 1087 1089
1090 1091 1092 1093 1094
1095 1097 1098 1099 1100
1101 1102 1104 1105 1106
1107 1108 1109 1110 1112
1113 1114 1115 1116 1117
1119 1120 1121 1122 1123
1124 1125 1127 1128 1129
1130 1131 1132 1134 1135
1136 1137 1138 1139 1140
1142 1143 1144 1145 1146
1147 1149 1150 1151 1152
1153 1154 1156 1157 1158
1159 1160 1161 1163 1164
1165 1166 1167 1168 1169
1171 1172 1173 1174 1175
1176 1178 1179 1180 1181
1182 1183 1185 1186 1187
1188 1189 1190 1192 1193
1194 1195 1196 1197 1199
1200 1201 1202 1203 1204
1206 1207 1208 1209 1210
1211 1213 1214 1215 1216
1217 1218 1220 1221 1222
1223 1224 1225 1227 1228
1229 1230 1231 1232 1234
1235 1236 1237 1238 1239
1241 1242 1243 1244 1245
1246 1248 1249 1250 1251
1252 1254 1255 1256 1257
1258 1259 1261 1262 1263
1264 1265 1266 1268 1269
1270 1271 1272 1274 1275
1276 1277 1278 1279 1281
1282 1283 1284 1285 1286
1288 1289 1290 1291 1292
1294 1295 1296 1297 1298
1299 1301 1302 1303 1304
1305 1307 1308 1309 1310
1311 1312 1314 1315 1316
1317 1318 1320 1321 1322
1323 1324 1325 1327 1328
1329 1330 1331 1333 1334
1335 1336 1337 1338 1340
1341 1342 1343 1344 1346
1347 1348 1349 1350 1352
1353 1354 1355 1356 1357
1359 1360 1361 1362 1363
1365 1366 1367 1368 1369
1371 1372 1373 1374 1375
1376 1378 1379 1380 1381
1382 1384 1385 1386 1387
1388 1390 1391 1392 1393
1394 1396 1397 1398 1399
1400 1402 1403 1404 1405
1406 1408 1409 1410 1411
1412 1414 1415 1416 1417
1418 1419 1421 1422 1423
1424 1425 1427 1428 1429
1430 1431 1433 1434 1435
1436 1437 1439 1440 1441
1442 1443 1445 1446 1447
1448 1449 1451 1452 1453
1454 1455 1457 1458 1459
1460 1461 1463 1464 1465
1466 1468 1469 1470 1471
1472 1474 1475 1476 1477
1478 1480 1481 1482 1483
1484 1486 1487 1488 1489
1490 1492 1493 1494 1495
1496 1498 1499 1500 1501
1503 1504 1505 1506 1507
1509 1510 1511 1512 1513
1515 1516 1517 1518 1519
1521 1522 1523 1524 1526
1527 1528 1529 1530 1532
1533 1534 1535 1536 1538
1539 1540 1541 1543 1544
1545 1546 1547 1549 1550
1551 1552 1553 1555 1556
1557 1558 1560 1561 1562
1563 1564 1566 1567 1568
1569 1571 1572 1573 1574
1575 1577 1578 1579 1580
1581 1583 1584 1585 1586
1588 1589 1590 1591 1592
1594 1595 1596 1597 1599
1600 1601 1602 1603 1605
1606 1607 1608 1610 1611
1612 1613 1615 1616 1617
1618 1619 1621 1622 1623
1624 1626 1627 1628 1629
1630 1632 1633 1634 1635
1637 1638 1639 1640 1642
1643 1644 1645 1646 1648
1649 1650 1651 1653 1654
1655 1656 1658 1659 1660
1661 1662 1664 1665 1666
1667 1669 1670 1671 1672
1674 1675 1676 1677 1678
1680 1681 1682 1683 1685
1686 1687 1688 1690 1691
1692 1693 1695 1696 1697
1698 1700 1701 1702 1703
1704 1706 1707 1708 1709
1711 1712 1713 1714 1716
1717 1718 1719 1721 1722
1723 1724 1726 1727 1728
1729 1731 1732 1733 1734
1735 1737 1738 1739 1740
1742 1743 1744 1745 1747
1748 1749 1750 1752 1753
1754 1755 1757 1758 1759
1760 1762 1763 1764 1765
1767 1768 1769 1770 1772
1773 1774 1775 1777 1778
1779 1780 1782 1783 1784
1785 1787 1788 1789 1790
1792 1793 1794 1795 1797
1798 1799 1800 1802 1803
1804 1805 1807 1808 1809
1810 1812 1813 1814 1815
1817 1818 1819 1820 1822
1823 1824 1825 1827 1828
1829 1831 1832 1833 1834
1836 1837 1838 1839 1841
1842 1843 1844 1846 1847
1848 1849 1851 1852 1853
1854 1856 1857 1858 1859
1861 1862 1863 1865 1866
1867 1868 1870 1871 1872
1873 1875 1876 1877 1878
1880 1881 1882 1883 1885
1886 1887 1889 1890 1891
1892 1894 1895 1896 1897
1899 1900 1901 1902 1904
1905 1906 1908 1909 1910
1911 1913 1914 1915 1916
1918 1919 1920 1922 1923
1924 1925 1927 1928 1929
1930 1932 1933 1934 1936
1937 1938 1939 1941 1942
1943 1944 1946 1947 1948
1950 1951 1952 1953 1955
1956 1957 1958 1960 1961
1962 1964 1965 1966 1967
1969 1970 1971 1972 1974
1975 1976 1978 1979 1980
1981 1983 1984 1985 1987
1988 1989 1990 1992 1993
1994 1996 1997 1998 1999
2001 2002 2003 2005 2006
2007 2008 2010 2011 2012
2013 2015 2016 2017 2019
2020 2021 2022 2024 2025
2026 2028 2029 2030 2031
2033 2034 2035 2037 2038
2039 2040 2042 2043 2044
2046 2047 2048 2050 2051
2052 2053 2055 2056 2057
2059 2060 2061 2062 2064
2065 2066 2068 2069 2070
2071 2073 2074 2075 2077
2078 2079 2081 2082 2083
2084 2086 2087 2088 2090
2091 2092 2093 2095 2096
2097 2099 2100 2101 2103
2104 2105 2106 2108 2109
2110 2112 2113 2114 2116
2117 2118 2119 2121 2122
2123 2125 2126 2127 2129
2130 2131 2132 2134 2135
2136 2138 2139 2140 2142
2143 2144 2145 2147 2148
2149 2151 2152 2153 2155
2156 2157 2159 2160 2161
2162 2164 2165 2166 2168
2169 2170 2172 2173 2174
2176 2177 2178 2179 2181
2182 2183 2185 2186 2187
2189 2190 2191 2193 2194
2195 2196 2198 2199 2200
2202 2203 2204 2206 2207
2208 2210 2211 2212 2214
2215 2216 2217 2219 2220
2221 2223 2224 2225 2227
2228 2229 2231 2232 2233
2235 2236 2237 2239 2240
2241 2243 2244 2245 2246
2248 2249 2250 2252 2253
2254 2256 2257 2258 2260
2261 2262 2264 2265 2266
2268 2269 2270 2272 2273
2274 2276 2277 2278 2279
2281 2282 2283 2285 2286
2287 2289 2290 2291 2293
2294 2295 2297 2298 2299
2301 2302 2303 2305 2306
2307 2309 2310 2311 2313
2314 2315 2317 2318 2319
2321 2322 2323 2325 2326
2327 2329 2330 2331 2333
2334 2335 2337 2338 2339
2341 2342 2343 2345 2346
2347 2349 2350 2351 2353
2354 2355 2357 2358 2359
2361 2362 2363 2365 2366
2367 2369 2370 2371 2373
2374 2375 2377 2378 2379
2381 2382 2383 2385 2386
2387 2389 2390 2391 2393
2394 2395 2397 2398 2399
2401 2402 2403 2405 2406
2408 2409 2410 2412 2413
2414 2416 2417 2418 2420
2421 2422 2424 2425 2426
2428 2429 2430 2432 2433
2434 2436 2437 2438 2440
2441 2443 2444 2445 2447
2448 2449 2451 2452 2453
2455 2456 2457 2459 2460
2461 2463 2464 2465 2467
2468 2470 2471 2472 2474
2475 2476 2478 2479 2480
2482 2483 2484 2486 2487
2488 2490 2491 2493 2494
2495 2497 2498 2499 2501
2502 2503 2505 2506 2507
2509 2510 2512 2513 2514
2516 2517 2518 2520 2521
2522 2524 2525 2527 2528
2529 2531 2532 2533 2535
2536 2537 2539 2540 2542
2543 2544 2546 2547 2548
2550 2551 2552 2554 2555
2557 2558 2559 2561 2562
2563 2565 2566 2567 2569
2570 2572 2573 2574 2576
2577 2578 2580 2581 2583
2584 2585 2587 2588 2589
2591 2592 2593 2595 2596
2598 2599 2600 2602 2603
2604 2606 2607 2609 2610
2611 2613 2614 2615 2617
2618 2620 2621 2622 2624
2625 2626 2628 2629 2631
2632 2633 2635 2636 2637
2639 2640 2642 2643 2644
2646 2647 2649 2650 2651
2653 2654 2655 2657 2658
2660 2661 2662 2664 2665
2666 2668 2669 2671 2672
2673 2675 2676 2678 2679
2680 2682 2683 2684 2686
2687 2689 2690 2691 2693
2694 2696 2697 2698 2700
2701 2702 2704 2705 2707
2708 2709 2711 2712 2714
2715 2716 2718 2719 2721
2722 2723 2725 2726 2727
2729 2730 2732 2733 2734
2736 2737 2739 2740 2741
2743 2744 2746 2747 2748
2750 2751 2753 2754 2755
2757 2758 2760 2761 2762
2764 2765 2767 2768 2769
2771 2772 2774 2775 2776
2778 2779 2781 2782 2783
2785 2786 2788 2789 2790
2792 2793 2795 2796 2797
2799 2800 2802 2803 2804
2806 2807 2809 2810 2811
2813 2814 2816 2817 2818
2820 2821 2823 2824 2825
2827 2828 2830 2831 2832
2834 2835 2837 2838 2840
2841 2842 2844 2845 2847
2848 2849 2851 2852 2854
2855 2856 2858 2859 2861
2862 2864 2865 2866 2868
2869 2871 2872 2873 2875
2876 2878 2879 2880 2882
2883 2885 2886 2888 2889
2890 2892 2893 2895 2896
2897 2899 2900 2902 2903
2905 2906 2907 2909 2910
2912 2913 2915 2916 2917
2919 2920 2922 2923 2924
2926 2927 2929 2930 2932
2933 2934 2936 2937 2939
2940 2942 2943 2944 2946
2947 2949 2950 2952 2953
2954 2956 2957 2959 2960
2962 2963 2964 2966 2967
2969 2970 2972 2973 2974
2976 2977 2979 2980 2982
2983 2984 2986 2987 2989
2990 2992 2993 2994 2996
2997 2999 3000 3002 3003
3004 3006 3007 3009 3010
3012 3013 3015 3016 3017
3019 3020 3022 3023 3025
3026 3027 3029 3030 3032
3033 3035 3036 3038 3039
3040 3042 3043 3045 3046
3048 3049 3050 3052 3053
3055 3056 3058 3059 3061
3062 3063 3065 3066 3068
3069 3071 3072 3074 3075
3076 3078 3079 3081 3082
3084 3085 3087 3088 3090
3091 3092 3094 3095 3097
3098 3100 3101 3103 3104
3105 3107 3108 3110 3111
3113 3114 3116 3117 3119
3120 3121 3123 3124 3126
3127 3129 3130 3132 3133
3135 3136 3137 3139 3140
3142 3143 3145 3146 3148
3149 3151 3152 3153 3155
3156 3158 3159 3161 3162
3164 3165 3167 3168 3169
3171 3172 3174 3175 3177
3178 3180 3181 3183 3184
3186 3187 3188 3190 3191
3193 3194 3196 3197 3199
3200 3202 3203 3205 3206
3208 3209 3210 3212 3213
3215 3216 3218 3219 3221
3222 3224 3225 3227 3228
3230 3231 3232 3234 3235
3237 3238 3240 3241 3243
3244 3246 3247 3249 3250
3252 3253 3255 3256 3258
3259 3260 3262 3263 3265
3266 3268 3269 3271 3272
3274 3275 3277 3278 3280
3281 3283 3284 3286 3287
3289 3290 3291 3293 3294
3296 3297 3299 3300 3302
3303 3305 3306 3308 3309
3311 3312 3314 3315 3317
3318 3320 3321 3323 3324
3326 3327 3329 3330 3332
3333 3334 3336 3337 3339
3340 3342 3343 3345 3346
3348 3349 3351 3352 3354
3355 3357 3358 3360 3361
3363 3364 3366 3367 3369
3370 3372 3373 3375 3376
3378 3379 3381 3382 3384
3385 3387 3388 3390 3391
3393 3394 3396 3397 3399
3400 3402 3403 3405 3406
3408 3409 3411 3412 3414
3415 3417 3418 3420 3421
3423 3424 3426 3427 3429
3430 3432 3433 3435 3436
3438 3439 3441 3442 3444
3445 3447 3448 3450 3451
3453 3454 3456 3457 3459
3460 3462 3463 3465 3466
3468 3469 3471 3472 3474
3475 3477 3478 3480 3481
3483 3484 3486 3487 3489
3490 3492 3493 3495 3496
3498 3499 3501 3502 3504
3505 3507 3508 3510 3511
3513 3515 3516 3518 3519
3521 3522 3524 3525 3527
3528 3530 3531 3533 3534
3536 3537 3539 3540 3542
3543 3545 3546 3548 3549
3551 3552 3554 3556 3557
3559 3560 3562 3563 3565
3566 3568 3569 3571 3572
3574 3575 3577 3578 3580
3581 3583 3584 3586 3587
3589 3591 3592 3594 3595
3597 3598 3600 3601 3603
3604 3606 3607 3609 3610
3612 3613 3615 3617 3618
3620 3621 3623 3624 3626
3627 3629 3630 3632 3633
3635 3636 3638 3640 3641
3643 3644 3646 3647 3649
3650 3652 3653 3655 3656
3658 3659 3661 3663 3664
3666 3667 3669 3670 3672
3673 3675 3676 3678 3680
3681 3683 3684 3686 3687
3689 3690 3692 3693 3695
3696 3698 3700 3701 3703
3704 3706 3707 3709 3710
3712 3713 3715 3717 3718
3720 3721 3723 3724 3726
3727 3729 3730 3732 3734
3735 3737 3738 3740 3741
3743 3744 3746 3748 3749
3751 3752 3754 3755 3757
3758 3760 3762 3763 3765
3766 3768 3769 3771 3772
3774 3776 3777 3779 3780
3782 3783 3785 3786 3788
3790 3791 3793 3794 3796
3797 3799 3800 3802 3804
3805 3807 3808 3810 3811
3813 3814 3816 3818 3819
3821 3822 3824 3825 3827
3829 3830 3832 3833 3835
3836 3838 3840 3841 3843
3844 3846 3847 3849 3850
3852 3854 3855 3857 3858
3860 3861 3863 3865 3866
3868 3869 3871 3872 3874
3876 3877 3879 3880 3882
3883 3885 3887 3888 3890
3891 3893 3895 3896 3898
3899 3901 3902 3904 3906
3907 3909 3910 3912 3913
3915 3917 3918 3920 3921
3923 3924 3926 3928 3929
3931 3932 3934 3936 3937
3939 3940 3942 3943 3945
3947 3948 3950 3951 3953
3955 3956 3958 3959 3961
3962 3964 3966 3967 3969
3970 3972 3974 3975 3977
3978 3980 3982 3983 3985
3986 3988 3989 3991 3993
3994 3996 3997 3999 4001
4002 4004 4005 4007 4009
4010 4012 4013 4015 4017
4018 4020 4021 4023 4025
4026 4028 4029 4031 4033
4034 4036 4037 4039 4041
4042 4044 4045 4047 4049
4050 4052 4053 4055 4057
4058 4060 4061 4063 4065
4066 4068 4069 4071 4073
4074 4076 4077 4079 4081
4082 4084 4085 4087 4089
4090 4092 4093 4095 4097
4098 4100 4101 4103 4105
4106 4108 4109 4111 4113
4114 4116 4118 4119 4121
4122 4124 4126 4127 4129
4130 4132 4134 4135 4137
4139 4140 4142 4143 4145
4147 4148 4150 4151 4153
4155 4156 4158 4160 4161
4163 4164 4166 4168 4169
4171 4172 4174 4176 4177
4179 4181 4182 4184 4185
4187 4189 4190 4192 4194
4195 4197 4198 4200 4202
4203 4205 4207 4208 4210
4211 4213 4215 4216 4218
4220 4221 4223 4224 4226
4228 4229 4231 4233 4234
4236 4237 4239 4241 4242
4244 4246 4247 4249 4251
4252 4254 4255 4257 4259
4260 4262 4264 4265 4267
4269 4270 4272 4273 4275
4277 4278 4280 4282 4283
4285 4287 4288 4290 4291
4293 4295 4296 4298 4300
4301 4303 4305 4306 4308
4310 4311 4313 4314 4316
4318 4319 4321 4323 4324
4326 4328 4329 4331 4333
4334 4336 4337 4339 4341
4342 4344 4346 4347 4349
4351 4352 4354 4356 4357
4359 4361 4362 4364 4366
4367 4369 4370 4372 4374
4375 4377 4379 4380 4382
4384 4385 4387 4389 4390
4392 4394 4395 4397 4399
4400 4402 4404 4405 4407
4409 4410 4412 4414 4415
4417 4419 4420 4422 4423
4425 4427 4428 4430 4432
4433 4435 4437 4438 4440
4442 4443 4445 4447 4448
4450 4452 4453 4455 4457
4458 4460 4462 4463 4465
4467 4468 4470 4472 4473
4475 4477 4478 4480 4482
4483 4485 4487 4488 4490
4492 4493 4495 4497 4499
4500 4502 4504 4505 4507
4509 4510 4512 4514 4515
4517 4519 4520 4522 4524
4525 4527 4529 4530 4532
4534 4535 4537 4539 4540
4542 4544 4545 4547 4549
4551 4552 4554 4556 4557
4559 4561 4562 4564 4566
4567 4569 4571 4572 4574
4576 4577 4579 4581 4583
4584 4586 4588 4589 4591
4593 4594 4596 4598 4599
4601 4603 4604 4606 4608
4610 4611 4613 4615 4616
4618 4620 4621 4623 4625
4627 4628 4630 4632 4633
4635 4637 4638 4640 4642
4643 4645 4647 4649 4650
4652 4654 4655 4657 4659
4660 4662 4664 4666 4667
4669 4671 4672 4674 4676
4677 4679 4681 4683 4684
4686 4688 4689 4691 4693
4695 4696 4698 4700 4701
4703 4705 4706 4708 4710
4712 4713 4715 4717 4718
4720 4722 4724 4725 4727
4729 4730 4732 4734 4736
4737 4739 4741 4742 4744
4746 4748 4749 4751 4753
4754 4756 4758 4760 4761
4763 4765 4766 4768 4770
4772 4773 4775 4777 4778
4780 4782 4784 4785 4787
4789 4790 4792 4794 4796
4797 4799 4801 4803 4804
4806 4808 4809 4811 4813
4815 4816 4818 4820 4822
4823 4825 4827 4828 4830
4832 4834 4835 4837 4839
4841 4842 4844 4846 4847
4849 4851 4853 4854 4856
4858 4860 4861 4863 4865
4867 4868 4870 4872 4873
4875 4877 4879 4880 4882
4884 4886 4887 4889 4891
4893 4894 4896 4898 4900
4901 4903 4905 4906 4908
4910 4912 4913 4915 4917
4919 4920 4922 4924 4926
4927 4929 4931 4933 4934
4936 4938 4940 4941 4943
4945 4947 4948 4950 4952
4954 4955 4957 4959 4961
4962 4964 4966 4968 4969
4971 4973 4975 4976 4978
4980 4982 4983 4985 4987
4989 4990 4992 4994 4996
4997 4999 5001 5003 5004
5006 5008 5010 5011 5013
5015 5017 5019 5020 5022
5024 5026 5027 5029 5031
5033 5034 5036 5038 5040
5041 5043 5045 5047 5048
5050 5052 5054 5056 5057
5059 5061 5063 5064 5066
5068 5070 5071 5073 5075
5077 5079 5080 5082 5084
5086 5087 5089 5091 5093
5094 5096 5098 5100 5102
5103 5105 5107 5109 5110
5112 5114 5116 5118 5119
5121 5123 5125 5126 5128
5130 5132 5134 5135 5137
5139 5141 5142 5144 5146
5148 5150 5151 5153 5155
5157 5158 5160 5162 5164
5166 5167 5169 5171 5173
5175 5176 5178 5180 5182
5183 5185 5187 5189 5191
5192 5194 5196 5198 5200
5201 5203 5205 5207 5209
5210 5212 5214 5216 5218
5219 5221 5223 5225 5226
5228 5230 5232 5234 5235
5237 5239 5241 5243 5244
5246 5248 5250 5252 5253
5255 5257 5259 5261 5262
5264 5266 5268 5270 5271
5273 5275 5277 5279 5280
5282 5284 5286 5288 5289
5291 5293 5295 5297 5299
5300 5302 5304 5306 5308
5309 5311 5313 5315 5317
5318 5320 5322 5324 5326
5327 5329 5331 5333 5335
5337 5338 5340 5342 5344
5346 5347 5349 5351 5353
5355 5357 5358 5360 5362
5364 5366 5367 5369 5371
5373 5375 5377 5378 5380
5382 5384 5386 5387 5389
5391 5393 5395 5397 5398
5400 5402 5404 5406 5407
5409 5411 5413 5415 5417
5418 5420 5422 5424 5426
5428 5429 5431 5433 5435
5437 5439 5440 5442 5444
5446 5448 5450 5451 5453
5455 5457 5459 5461 5462
5464 5466 5468 5470 5472
5473 5475 5477 5479 5481
5483 5484 5486 5488 5490
5492 5494 5495 5497 5499
5501 5503 5505 5507 5508
5510 5512 5514 5516 5518
5519 5521 5523 5525 5527
5529 5531 5532 5534 5536
5538 5540 5542 5543 5545
5547 5549 5551 5553 5555
5556 5558 5560 5562 5564
5566 5568 5569 5571 5573
5575 5577 5579 5580 5582
5584 5586 5588 5590 5592
5593 5595 5597 5599 5601
5603 5605 5606 5608 5610
5612 5614 5616 5618 5620
5621 5623 5625 5627 5629
5631 5633 5634 5636 5638
5640 5642 5644 5646 5647
5649 5651 5653 5655 5657
5659 5661 5662 5664 5666
5668 5670 5672 5674 5676
5677 5679 5681 5683 5685
5687 5689 5690 5692 5694
5696 5698 5700 5702 5704
5705 5707 5709 5711 5713
5715 5717 5719 5721 5722
5724 5726 5728 5730 5732
5734 5736 5737 5739 5741
5743 5745 5747 5749 5751
5753 5754 5756 5758 5760
5762 5764 5766 5768 5769
5771 5773 5775 5777 5779
5781 5783 5785 5786 5788
5790 5792 5794 5796 5798
5800 5802 5804 5805 5807
5809 5811 5813 5815 5817
5819 5821 5822 5824 5826
5828 5830 5832 5834 5836
5838 5840 5841 5843 5845
5847 5849 5851 5853 5855
5857 5859 5860 5862 5864
5866 5868 5870 5872 5874
5876 5878 5880 5881 5883
5885 5887 5889 5891 5893
5895 5897 5899 5901 5902
5904 5906 5908 5910 5912
5914 5916 5918 5920 5922
5923 5925 5927 5929 5931
5933 5935 5937 5939 5941
5943 5945 5946 5948 5950
5952 5954 5956 5958 5960
5962 5964 5966 5968 5969
5971 5973 5975 5977 5979
5981 5983 5985 5987 5989
5991 5993 5995 5996 5998
6000 6002 6004 6006 6008
6010 6012 6014 6016 6018
6020 6022 6023 6025 6027
6029 6031 6033 6035 6037
6039 6041 6043 6045 6047
6049 6051 6052 6054 6056
6058 6060 6062 6064 6066
6068 6070 6072 6074 6076
6078 6080 6082 6083 6085
6087 6089 6091 6093 6095
6097 6099 6101 6103 6105
6107 6109 6111 6113 6115
6117 6118 6120 6122 6124
6126 6128 6130 6132 6134
6136 6138 6140 6142 6144
6146 6148 6150 6152 6154
6156 6158 6159 6161 6163
6165 6167 6169 6171 6173
6175 6177 6179 6181 6183
6185 6187 6189 6191 6193
6195 6197 6199 6201 6203
6205 6206 6208 6210 6212
6214 6216 6218 6220 6222
6224 6226 6228 6230 6232
6234 6236 6238 6240 6242
6244 6246 6248 6250 6252
6254 6256 6258 6260 6262
6264 6266 6268 6269 6271
6273 6275 6277 6279 6281
6283 6285 6287 6289 6291
6293 6295 6297 6299 6301
6303 6305 6307 6309 6311
6313 6315 6317 6319 6321
6323 6325 6327 6329 6331
6333 6335 6337 6339 6341
6343 6345 6347 6349 6351
6353 6355 6357 6359 6361
6363 6365 6367 6369 6371
6373 6375 6377 6379 6381
6383 6385 6387 6389 6391
6393 6395 6397 6399 6401
6403 6405 6407 6409 6411
6413 6415 6417 6419 6421
6423 6425 6427 6429 6431
6433 6435 6437 6439 6441
6443 6445 6447 6449 6451
6453 6455 6457 6459 6461
6463 6465 6467 6469 6471
6473 6475 6477 6479 6481
6483 6485 6487 6489 6491
6493 6495 6497 6499 6501
6503 6505 6507 6509 6511
6513 6515 6517 6519 6521
6523 6525 6527 6529 6531
6533 6535 6537 6539 6541
6543 6545 6547 6549 6551
6553 6555 6557 6559 6561
6564 6566 6568 6570 6572
6574 6576 6578 6580 6582
6584 6586 6588 6590 6592
6594 6596 6598 6600 6602
6604 6606 6608 6610 6612
6614 6616 6618 6620 6622
6624 6626 6629 6631 6633
6635 6637 6639 6641 6643
6645 6647 6649 6651 6653
6655 6657 6659 6661 6663
6665 6667 6669 6671 6673
6675 6678 6680 6682 6684
6686 6688 6690 6692 6694
6696 6698 6700 6702 6704
6706 6708 6710 6712 6714
6716 6719 6721 6723 6725
6727 6729 6731 6733 6735
6737 6739 6741 6743 6745
6747 6749 6751 6754 6756
6758 6760 6762 6764 6766
6768 6770 6772 6774 6776
6778 6780 6782 6784 6787
6789 6791 6793 6795 6797
6799 6801 6803 6805 6807
6809 6811 6813 6815 6818
6820 6822 6824 6826 6828
6830 6832 6834 6836 6838
6840 6842 6844 6847 6849
6851 6853 6855 6857 6859
6861 6863 6865 6867 6869
6872 6874 6876 6878 6880
6882 6884 6886 6888 6890
6892 6894 6897 6899 6901
6903 6905 6907 6909 6911
6913 6915 6917 6919 6922
6924 6926 6928 6930 6932
6934 6936 6938 6940 6942
6945 6947 6949 6951 6953
6955 6957 6959 6961 6963
6966 6968 6970 6972 6974
6976 6978 6980 6982 6984
6987 6989 6991 6993 6995
6997 6999 7001 7003 7005
7008 7010 7012 7014 7016
7018 7020 7022 7024 7027
7029 7031 7033 7035 7037
7039 7041 7043 7046 7048
7050 7052 7054 7056 7058
7060 7062 7065 7067 7069
7071 7073 7075 7077 7079
7081 7084 7086 7088 7090
7092 7094 7096 7098 7101
7103 7105 7107 7109 7111
7113 7115 7118 7120 7122
7124 7126 7128 7130 7132
7135 7137 7139 7141 7143
7145 7147 7149 7152 7154
7156 7158 7160 7162 7164
7167 7169 7171 7173 7175
7177 7179 7181 7184 7186
7188 7190 7192 7194 7196
7199 7201 7203 7205 7207
7209 7211 7214 7216 7218
7220 7222 7224 7226 7229
7231 7233 7235 7237 7239
7241 7244 7246 7248 7250
7252 7254 7256 7259 7261
7263 7265 7267 7269 7272
7274 7276 7278 7280 7282
7284 7287 7289 7291 7293
7295 7297 7300 7302 7304
7306 7308 7310 7312 7315
7317 7319 7321 7323 7325
7328 7330 7332 7334 7336
7338 7341 7343 7345 7347
7349 7351 7354 7356 7358
7360 7362 7364 7367 7369
7371 7373 7375 7377 7380
7382 7384 7386 7388 7391
7393 7395 7397 7399 7401
7404 7406 7408 7410 7412
7414 7417 7419 7421 7423
7425 7428 7430 7432 7434
7436 7438 7441 7443 7445
7447 7449 7452 7454 7456
7458 7460 7462 7465 7467
7469 7471 7473 7476 7478
7480 7482 7484 7487 7489
7491 7493 7495 7498 7500
7502 7504 7506 7509 7511
7513 7515 7517 7519 7522
7524 7526 7528 7530 7533
7535 7537 7539 7541 7544
7546 7548 7550 7552 7555
7557 7559 7561 7564 7566
7568 7570 7572 7575 7577
7579 7581 7583 7586 7588
7590 7592 7594 7597 7599
7601 7603 7606 7608 7610
7612 7614 7617 7619 7621
7623 7625 7628 7630 7632
7634 7637 7639 7641 7643
7645 7648 7650 7652 7654
7657 7659 7661 7663 7665
7668 7670 7672 7674 7677
7679 7681 7683 7685 7688
7690 7692 7694 7697 7699
7701 7703 7706 7708 7710
7712 7714 7717 7719 7721
7723 7726 7728 7730 7732
7735 7737 7739 7741 7744
7746 7748 7750 7752 7755
7757 7759 7761 7764 7766
7768 7770 7773 7775 7777
7779 7782 7784 7786 7788
7791 7793 7795 7797 7800
7802 7804 7806 7809 7811
7813 7815 7818 7820 7822
7824 7827 7829 7831 7833
7836 7838 7840 7842 7845
7847 7849 7851 7854 7856
7858 7860 7863 7865 7867
7870 7872 7874 7876 7879
7881 7883 7885 7888 7890
7892 7894 7897 7899 7901
7903 7906 7908 7910 7913
7915 7917 7919 7922 7924
7926 7928 7931 7933 7935
7938 7940 7942 7944 7947
7949 7951 7953 7956 7958
7960 7963 7965 7967 7969
7972 7974 7976 7979 7981
7983 7985 7988 7990 7992
7995 7997 7999 8001 8004
8006 8008 8011 8013 8015
8017 8020 8022 8024 8027
8029 8031 8033 8036 8038
8040 8043 8045 8047 8050
8052 8054 8056 8059 8061
8063 8066 8068 8070 8072
8075 8077 8079 8082 8084
8086 8089 8091 8093 8095
8098 8100 8102 8105 8107
8109 8112 8114 8116 8119
8121 8123 8125 8128 8130
8132 8135 8137 8139 8142
8144 8146 8149 8151 8153
8156 8158 8160 8162 8165
8167 8169 8172 8174 8176
8179 8181 8183 8186 8188
8190 8193 8195 8197 8200
8202 8204 8207 8209 8211
8214 8216 8218 8221 8223
8225 8227 8230 8232 8234
8237 8239 8241 8244 8246
8248 8251 8253 8255 8258
8260 8262 8265 8267 8269
8272 8274 8276 8279 8281
8283 8286 8288 8291 8293
8295 8298 8300 8302 8305
8307 8309 8312 8314 8316
8319 8321 8323 8326 8328
8330 8333 8335 8337 8340
8342 8344 8347 8349 8351
8354 8356 8359 8361 8363
8366 8368 8370 8373 8375
8377 8380 8382 8384 8387
8389 8392 8394 8396 8399
8401 8403 8406 8408 8410
8413 8415 8417 8420 8422
8425 8427 8429 8432 8434
8436 8439 8441 8444 8446
8448 8451 8453 8455 8458
8460 8462 8465 8467 8470
8472 8474 8477 8479 8481
8484 8486 8489 8491 8493
8496 8498 8500 8503 8505
8508 8510 8512 8515 8517
8520 8522 8524 8527 8529
8531 8534 8536 8539 8541
8543 8546 8548 8551 8553
8555 8558 8560 8562 8565
8567 8570 8572 8574 8577
8579 8582 8584 8586 8589
8591 8594 8596 8598 8601
8603 8606 8608 8610 8613
8615 8618 8620 8622 8625
8627 8630 8632 8634 8637
8639 8642 8644 8646 8649
8651 8654 8656 8658 8661
8663 8666 8668 8671 8673
8675 8678 8680 8683 8685
8687 8690 8692 8695 8697
8699 8702 8704 8707 8709
8712 8714 8716 8719 8721
8724 8726 8729 8731 8733
8736 8738 8741 8743 8745
8748 8750 8753 8755 8758
8760 8762 8765 8767 8770
8772 8775 8777 8779 8782
8784 8787 8789 8792 8794
8797 8799 8801 8804 8806
8809 8811 8814 8816 8818
8821 8823 8826 8828 8831
8833 8836 8838 8840 8843
8845 8848 8850 8853 8855
8858 8860 8862 8865 8867
8870 8872 8875 8877 8880
8882 8884 8887 8889 8892
8894 8897 8899 8902 8904
8907 8909 8911 8914 8916
8919 8921 8924 8926 8929
8931 8934 8936 8939 8941
8943 8946 8948 8951 8953
8956 8958 8961 8963 8966
8968 8971 8973 8975 8978
8980 8983 8985 8988 8990
8993 8995 8998 9000 9003
9005 9008 9010 9013 9015
9018 9020 9022 9025 9027
9030 9032 9035 9037 9040
9042 9045 9047 9050 9052
9055 9057 9060 9062 9065
9067 9070 9072 9075 9077
9080 9082 9085 9087 9090
9092 9095 9097 9100 9102
9104 9107 9109 9112 9114
9117 9119 9122 9124 9127
9129 9132 9134 9137 9139
9142 9144 9147 9149 9152
9154 9157 9159 9162 9164
9167 9169 9172 9174 9177
9179 9182 9185 9187 9190
9192 9195 9197 9200 9202
9205 9207 9210 9212 9215
9217 9220 9222 9225 9227
9230 9232 9235 9237 9240
9242 9245 9247 9250 9252
9255 9257 9260 9263 9265
9268 9270 9273 9275 9278
9280 9283 9285 9288 9290
9293 9295 9298 9300 9303
9305 9308 9311 9313 9316
9318 9321 9323 9326 9328
9331 9333 9336 9338 9341
9344 9346 9349 9351 9354
9356 9359 9361 9364 9366
9369 9371 9374 9377 9379
9382 9384 9387 9389 9392
9394 9397 9399 9402 9405
9407 9410 9412 9415 9417
9420 9422 9425 9428 9430
9433 9435 9438 9440 9443
9445 9448 9451 9453 9456
9458 9461 9463 9466 9468
9471 9474 9476 9479 9481
9484 9486 9489 9492 9494
9497 9499 9502 9504 9507
9510 9512 9515 9517 9520
9522 9525 9528 9530 9533
9535 9538 9540 9543 9546
9548 9551 9553 9556 9559
9561 9564 9566 9569 9571
9574 9577 9579 9582 9584
9587 9590 9592 9595 9597
9600 9602 9605 9608 9610
9613 9615 9618 9621 9623
9626 9628 9631 9634 9636
9639 9641 9644 9647 9649
9652 9654 9657 9660 9662
9665 9667 9670 9673 9675
9678 9680 9683 9686 9688
9691 9693 9696 9699 9701
9704 9706 9709 9712 9714
9717 9719 9722 9725 9727
9730 9733 9735 9738 9740
9743 9746 9748 9751 9753
9756 9759 9761 9764 9767
9769 9772 9774 9777 9780
9782 9785 9788 9790 9793
9795 9798 9801 9803 9806
9809 9811 9814 9816 9819
9822 9824 9827 9830 9832
9835 9837 9840 9843 9845
9848 9851 9853 9856 9859
9861 9864 9866 9869 9872
9874 9877 9880 9882 9885
9888 9890 9893 9896 9898
9901 9903 9906 9909 9911
9914 9917 9919 9922 9925
9927 9930 9933 9935 9938
9941 9943 9946 9949 9951
9954 9957 9959 9962 9965
9967 9970 9972 9975 9978
9980 9983 9986 9988 9991
9994 9996 9999 10002 10004
10007 10010 10012 10015 10018
10020 10023 10026 10028 10031
10034 10036 10039 10042 10045
10047 10050 10053 10055 10058
10061 10063 10066 10069 10071
10074 10077 10079 10082 10085
10087 10090 10093 10095 10098
10101 10103 10106 10109 10112
10114 10117 10120 10122 10125
10128 10130 10133 10136 10138
10141 10144 10147 10149 10152
10155 10157 10160 10163 10165
10168 10171 10174 10176 10179
10182 10184 10187 10190 10192
10195 10198 10201 10203 10206
10209 10211 10214 10217 10219
10222 10225 10228 10230 10233
10236 10238 10241 10244 10247
10249 10252 10255 10257 10260
10263 10266 10268 10271 10274
10276 10279 10282 10285 10287
10290 10293 10296 10298 10301
10304 10306 10309 10312 10315
10317 10320 10323 10326 10328
10331 10334 10336 10339 10342
10345 10347 10350 10353 10356
10358 10361 10364 10367 10369
10372 10375 10378 10380 10383
10386 10388 10391 10394 10397
10399 10402 10405 10408 10410
10413 10416 10419 10421 10424
10427 10430 10432 10435 10438
10441 10443 10446 10449 10452
10454 10457 10460 10463 10465
10468 10471 10474 10477 10479
10482 10485 10488 10490 10493
10496 10499 10501 10504 10507
10510 10512 10515 10518 10521
10523 10526 10529 10532 10535
10537 10540 10543 10546 10548
10551 10554 10557 10560 10562
10565 10568 10571 10573 10576
10579 10582 10585 10587 10590
10593 10596 10598 10601 10604
10607 10610 10612 10615 10618
10621 10624 10626 10629 10632
10635 10637 10640 10643 10646
10649 10651 10654 10657 10660
10663 10665 10668 10671 10674
10677 10679 10682 10685 10688
10691 10693 10696 10699 10702
10705 10707 10710 10713 10716
10719 10721 10724 10727 10730
10733 10736 10738 10741 10744
10747 10750 10752 10755 10758
10761 10764 10766 10769 10772
10775 10778 10781 10783 10786
10789 10792 10795 10798 10800
10803 10806 10809 10812 10814
10817 10820 10823 10826 10829
10831 10834 10837 10840 10843
10846 10848 10851 10854 10857
10860 10863 10865 10868 10871
10874 10877 10880 10882 10885
10888 10891 10894 10897 10900
10902 10905 10908 10911 10914
10917 10919 10922 10925 10928
10931 10934 10937 10939 10942
10945 10948 10951 10954 10957
10959 10962 10965 10968 10971
10974 10977 10979 10982 10985
10988 10991 10994 10997 10999
11002 11005 11008 11011 11014
11017 11019 11022 11025 11028
11031 11034 11037 11040 11042
11045 11048 11051 11054 11057
11060 11063 11065 11068 11071
11074 11077 11080 11083 11086
11088 11091 11094 11097 11100
11103 11106 11109 11112 11114
11117 11120 11123 11126 11129
11132 11135 11138 11140 11143
11146 11149 11152 11155 11158
11161 11164 11166 11169 11172
11175 11178 11181 11184 11187
11190 11193 11195 11198 11201
11204 11207 11210 11213 11216
11219 11222 11225 11227 11230
11233 11236 11239 11242 11245
11248 11251 11254 11257 11259
11262 11265 11268 11271 11274
11277 11280 11283 11286 11289
11292 11295 11297 11300 11303
11306 11309 11312 11315 11318
11321 11324 11327 11330 11333
11335 11338 11341 11344 11347
11350 11353 11356 11359 11362
11365 11368 11371 11374 11377
11380 11382 11385 11388 11391
11394 11397 11400 11403 11406
11409 11412 11415 11418 11421
11424 11427 11430 11433 11436
11438 11441 11444 11447 11450
11453 11456 11459 11462 11465
11468 11471 11474 11477 11480
11483 11486 11489 11492 11495
11498 11501 11504 11507 11509
11512 11515 11518 11521 11524
11527 11530 11533 11536 11539
11542 11545 11548 11551 11554
11557 11560 11563 11566 11569
11572 11575 11578 11581 11584
11587 11590 11593 11596 11599
11602 11605 11608 11611 11614
11617 11620 11623 11626 11629
11632 11635 11638 11641 11644
11647 11650 11653 11656 11659
11662 11665 11668 11671 11674
11677 11680 11683 11686 11689
11692 11695 11698 11701 11704
11707 11710 11713 11716 11719
11722 11725 11728 11731 11734
11737 11740 11743 11746 11749
11752 11755 11758 11761 11764
11767 11770 11773 11776 11779
11782 11785 11788 11791 11794
11797 11800 11803 11806 11809
11812 11815 11818 11821 11824
11827 11830 11833 11836 11839
11843 11846 11849 11852 11855
11858 11861 11864 11867 11870
11873 11876 11879 11882 11885
11888 11891 11894 11897 11900
11903 11906 11909 11912 11916
11919 11922 11925 11928 11931
11934 11937 11940 11943 11946
11949 11952 11955 11958 11961
11964 11967 11971 11974 11977
11980 11983 11986 11989 11992
11995 11998 12001 12004 12007
12010 12013 12017 12020 12023
12026 12029 12032 12035 12038
12041 12044 12047 12050 12053
12056 12060 12063 12066 12069
12072 12075 12078 12081 12084
12087 12090 12093 12097 12100
12103 12106 12109 12112 12115
12118 12121 12124 12127 12131
12134 12137 12140 12143 12146
12149 12152 12155 12158 12161
12165 12168 12171 12174 12177
12180 12183 12186 12189 12193
12196 12199 12202 12205 12208
12211 12214 12217 12221 12224
12227 12230 12233 12236 12239
12242 12245 12249 12252 12255
12258 12261 12264 12267 12270
12274 12277 12280 12283 12286
12289 12292 12295 12299 12302
12305 12308 12311 12314 12317
12320 12324 12327 12330 12333
12336 12339 12342 12346 12349
12352 12355 12358 12361 12364
12367 12371 12374 12377 12380
12383 12386 12390 12393 12396
12399 12402 12405 12408 12412
12415 12418 12421 12424 12427
12430 12434 12437 12440 12443
12446 12449 12453 12456 12459
12462 12465 12468 12472 12475
12478 12481 12484 12487 12491
12494 12497 12500 12503 12506
12510 12513 12516 12519 12522
12525 12529 12532 12535 12538
12541 12545 12548 12551 12554
12557 12560 12564 12567 12570
12573 12576 12580 12583 12586
12589 12592 12595 12599 12602
12605 12608 12611 12615 12618
12621 12624 12627 12631 12634
12637 12640 12643 12647 12650
12653 12656 12659 12663 12666
12669 12672 12675 12679 12682
12685 12688 12691 12695 12698
12701 12704 12708 12711 12714
12717 12720 12724 12727 12730
12733 12736 12740 12743 12746
12749 12753 12756 12759 12762
12765 12769 12772 12775 12778
12782 12785 12788 12791 12795
12798 12801 12804 12807 12811
12814 12817 12820 12824 12827
12830 12833 12837 12840 12843
12846 12850 12853 12856 12859
12863 12866 12869 12872 12876
12879 12882 12885 12889 12892
12895 12898 12902 12905 12908
12911 12915 12918 12921 12924
12928 12931 12934 12937 12941
12944 12947 12950 12954 12957
12960 12963 12967 12970 12973
12977 12980 12983 12986 12990
12993 12996 12999 13003 13006
13009 13013 13016 13019 13022
13026 13029 13032 13036 13039
13042 13045 13049 13052 13055
13058 13062 13065 13068 13072
13075 13078 13082 13085 13088
13091 13095 13098 13101 13105
13108 13111 13114 13118 13121
13124 13128 13131 13134 13138
13141 13144 13147 13151 13154
13157 13161 13164 13167 13171
13174 13177 13181 13184 13187
13191 13194 13197 13200 13204
13207 13210 13214 13217 13220
13224 13227 13230 13234 13237
13240 13244 13247 13250 13254
13257 13260 13264 13267 13270
13274 13277 13280 13284 13287
13290 13294 13297 13300 13304
13307 13310 13314 13317 13320
13324 13327 13330 13334 13337
13340 13344 13347 13350 13354
13357 13360 13364 13367 13371
13374 13377 13381 13384 13387
13391 13394 13397 13401 13404
13407 13411 13414 13418 13421
13424 13428 13431 13434 13438
13441 13444 13448 13451 13455
13458 13461 13465 13468 13471
13475 13478 13482 13485 13488
13492 13495 13498 13502 13505
13509 13512 13515 13519 13522
13526 13529 13532 13536 13539
13542 13546 13549 13553 13556
13559 13563 13566 13570 13573
13576 13580 13583 13587 13590
13593 13597 13600 13604 13607
13610 13614 13617 13621 13624
13627 13631 13634 13638 13641
13644 13648 13651 13655 13658
13662 13665 13668 13672 13675
13679 13682 13685 13689 13692
13696 13699 13703 13706 13709
13713 13716 13720 13723 13727
13730 13733 13737 13740 13744
13747 13751 13754 13757 13761
13764 13768 13771 13775 13778
13781 13785 13788 13792 13795
13799 13802 13806 13809 13812
13816 13819 13823 13826 13830
13833 13837 13840 13844 13847
13850 13854 13857 13861 13864
13868 13871 13875 13878 13882
13885 13888 13892 13895 13899
13902 13906 13909 13913 13916
13920 13923 13927 13930 13934
13937 13941 13944 13947 13951
13954 13958 13961 13965 13968
13972 13975 13979 13982 13986
13989 13993 13996 14000 14003
14007 14010 14014 14017 14021
14024 14028 14031 14035 14038
14042 14045 14049 14052 14056
14059 14063 14066 14070 14073
14077 14080 14084 14087 14091
14094 14098 14101 14105 14108
14112 14115 14119 14122 14126
14129 14133 14136 14140 14143
14147 14150 14154 14157 14161
14164 14168 14171 14175 14179
14182 14186 14189 14193 14196
14200 14203 14207 14210 14214
14217 14221 14224 14228 14231
14235 14239 14242 14246 14249
14253 14256 14260 14263 14267
14270 14274 14278 14281 14285
14288 14292 14295 14299 14302
14306 14309 14313 14317 14320
14324 14327 14331 14334 14338
14342 14345 14349 14352 14356
14359 14363 14366 14370 14374
14377 14381 14384 14388 14391
14395 14399 14402 14406 14409
14413 14416 14420 14424 14427
14431 14434 14438 14442 14445
14449 14452 14456 14459 14463
14467 14470 14474 14477 14481
14485 14488 14492 14495 14499
14503 14506 14510 14513 14517
14521 14524 14528 14531 14535
14539 14542 14546 14549 14553
14557 14560 14564 14567 14571
14575 14578 14582 14585 14589
14593 14596 14600 14604 14607
14611 14614 14618 14622 14625
14629 14632 14636 14640 14643
14647 14651 14654 14658 14662
14665 14669 14672 14676 14680
14683 14687 14691 14694 14698
14701 14705 14709 14712 14716
14720 14723 14727 14731 14734
14738 14742 14745 14749 14753
14756 14760 14763 14767 14771
14774 14778 14782 14785 14789
14793 14796 14800 14804 14807
14811 14815 14818 14822 14826
14829 14833 14837 14840 14844
14848 14851 14855 14859 14862
14866 14870 14873 14877 14881
14884 14888 14892 14895 14899
14903 14907 14910 14914 14918
14921 14925 14929 14932 14936
14940 14943 14947 14951 14954
14958 14962 14966 14969 14973
14977 14980 14984 14988 14991
14995 14999 15003 15006 15010
15014 15017 15021 15025 15029
15032 15036 15040 15043 15047
15051 15055 15058 15062 15066
15069 15073 15077 15081 15084
15088 15092 15095 15099 15103
15107 15110 15114 15118 15122
15125 15129 15133 15137 15140
15144 15148 15151 15155 15159
15163 15166 15170 15174 15178
15181 15185 15189 15193 15196
15200 15204 15208 15211 15215
15219 15223 15226 15230 15234
15238 15241 15245 15249 15253
15256 15260 15264 15268 15271
15275 15279 15283 15287 15290
15294 15298 15302 15305 15309
15313 15317 15320 15324 15328
15332 15336 15339 15343 15347
15351 15354 15358 15362 15366
15370 15373 15377 15381 15385
15389 15392 15396 15400 15404
15408 15411 15415 15419 15423
15427 15430 15434 15438 15442
15446 15449 15453 15457 15461
15465 15468 15472 15476 15480
15484 15487 15491 15495 15499
15503 15506 15510 15514 15518
15522 15526 15529 15533 15537
15541 15545 15549 15552 15556
15560 15564 15568 15571 15575
15579 15583 15587 15591 15594
15598 15602 15606 15610 15614
15618 15621 15625 15629 15633
15637 15641 15644 15648 15652
15656 15660 15664 15668 15671
15675 15679 15683 15687 15691
15695 15698 15702 15706 15710
15714 15718 15722 15725 15729
15733 15737 15741 15745 15749
15752 15756 15760 15764 15768
15772 15776 15780 15783 15787
15791 15795 15799 15803 15807
15811 15815 15818 15822 15826
15830 15834 15838 15842 15846
15850 15853 15857 15861 15865
15869 15873 15877 15881 15885
15889 15892 15896 15900 15904
15908 15912 15916 15920 15924
15928 15931 15935 15939 15943
15947 15951 15955 15959 15963
15967 15971 15975 15978 15982
15986 15990 15994 15998 16002
16006 16010 16014 16018 16022
16026 16030 16033 16037 16041
16045 16049 16053 16057 16061
16065 16069 16073 16077 16081
16085 16089 16093 16097 16100
16104 16108 16112 16116 16120
16124 16128 16132 16136 16140
16144 16148 16152 16156 16160
16164 16168 16172 16176 16180
16184 16188 16192 16196 16199
16203 16207 16211 16215 16219
16223 16227 16231 16235 16239
16243 16247 16251 16255 16259
16263 16267 16271 16275 16279
16283 16287 16291 16295 16299
16303 16307 16311 16315 16319
16323 16327 16331 16335 16339
16343 16347 16351 16355 16359
16363 16367 16371 16375 16379
16383 16387 16391 16395 16399
16403 16407 16411 16415 16419
16423 16427 16431 16435 16439
16443 16447 16451 16456 16460
16464 16468 16472 16476 16480
16484 16488 16492 16496 16500
16504 16508 16512 16516 16520
16524 16528 16532 16536 16540
16544 16548 16552 16557 16561
16565 16569 16573 16577 16581
16585 16589 16593 16597 16601
16605 16609 16613 16617 16621
16626 16630 16634 16638 16642
16646 16650 16654 16658 16662
16666 16670 16674 16679 16683
16687 16691 16695 16699 16703
16707 16711 16715 16719 16723
16728 16732 16736 16740 16744
16748 16752 16756 16760 16764
16768 16773 16777 16781 16785
16789 16793 16797 16801 16805
16810 16814 16818 16822 16826
16830 16834 16838 16842 16847
16851 16855 16859 16863 16867
16871 16875 16880 16884 16888
16892 16896 16900 16904 16908
16913 16917 16921 16925 16929
16933 16937 16942 16946 16950
16954 16958 16962 16966 16971
16975 16979 16983 16987 16991
16995 17000 17004 17008 17012
17016 17020 17025 17029 17033
17037 17041 17045 17049 17054
17058 17062 17066 17070 17075
17079 17083 17087 17091 17095
17100 17104 17108 17112 17116
17120 17125 17129 17133 17137
17141 17146 17150 17154 17158
17162 17166 17171 17175 17179
17183 17187 17192 17196 17200
17204 17208 17213 17217 17221
17225 17229 17234 17238 17242
17246 17251 17255 17259 17263
17267 17272 17276 17280 17284
17288 17293 17297 17301 17305
17310 17314 17318 17322 17326
17331 17335 17339 17343 17348
17352 17356 17360 17365 17369
17373 17377 17382 17386 17390
17394 17398 17403 17407 17411
17415 17420 17424 17428 17432
17437 17441 17445 17449 17454
17458 17462 17467 17471 17475
17479 17484 17488 17492 17496
17501 17505 17509 17513 17518
17522 17526 17531 17535 17539
17543 17548 17552 17556 17561
17565 17569 17573 17578 17582
17586 17591 17595 17599 17603
17608 17612 17616 17621 17625
17629 17633 17638 17642 17646
17651 17655 17659 17664 17668
17672 17676 17681 17685 17689
17694 17698 17702 17707 17711
17715 17720 17724 17728 17733
17737 17741 17746 17750 17754
17759 17763 17767 17772 17776
17780 17785 17789 17793 17798
17802 17806 17811 17815 17819
17824 17828 17832 17837 17841
17845 17850 17854 17858 17863
17867 17871 17876 17880 17885
17889 17893 17898 17902 17906
17911 17915 17919 17924 17928
17933 17937 17941 17946 17950
17954 17959 17963 17967 17972
17976 17981 17985 17989 17994
17998 18003 18007 18011 18016
18020 18024 18029 18033 18038
18042 18046 18051 18055 18060
18064 18068 18073 18077 18082
18086 18090 18095 18099 18104
18108 18112 18117 18121 18126
18130 18135 18139 18143 18148
18152 18157 18161 18165 18170
18174 18179 18183 18188 18192
18196 18201 18205 18210 18214
18219 18223 18228 18232 18236
18241 18245 18250 18254 18259
18263 18268 18272 18276 18281
18285 18290 18294 18299 18303
18308 18312 18316 18321 18325
18330 18334 18339 18343 18348
18352 18357 18361 18366 18370
18375 18379 18383 18388 18392
18397 18401 18406 18410 18415
18419 18424 18428 18433 18437
18442 18446 18451 18455 18460
18464 18469 18473 18478 18482
18487 18491 18496 18500 18505
18509 18514 18518 18523 18527
18532 18536 18541 18545 18550
18554 18559 18563 18568 18572
18577 18581 18586 18590 18595
18600 18604 18609 18613 18618
18622 18627 18631 18636 18640
18645 18649 18654 18658 18663
18668 18672 18677 18681 18686
18690 18695 18699 18704 18708
18713 18718 18722 18727 18731
18736 18740 18745 18749 18754
18759 18763 18768 18772 18777
18781 18786 18791 18795 18800
18804 18809 18813 18818 18823
18827 18832 18836 18841 18845
18850 18855 18859 18864 18868
18873 18878 18882 18887 18891
18896 18901 18905 18910 18914
18919 18924 18928 18933 18937
18942 18947 18951 18956 18960
18965 18970 18974 18979 18983
18988 18993 18997 19002 19007
19011 19016 19020 19025 19030
19034 19039 19044 19048 19053
19057 19062 19067 19071 19076
19081 19085 19090 19095 19099
19104 19109 19113 19118 19122
19127 19132 19136 19141 19146
19150 19155 19160 19164 19169
19174 19178 19183 19188 19192
19197 19202 19206 19211 19216
19220 19225 19230 19234 19239
19244 19248 19253 19258 19262
19267 19272 19277 19281 19286
19291 19295 19300 19305 19309
19314 19319 19323 19328 19333
19338 19342 19347 19352 19356
19361 19366 19370 19375 19380
19385 19389 19394 19399 19403
19408 19413 19418 19422 19427
19432 19437 19441 19446 19451
19455 19460 19465 19470 19474
19479 19484 19489 19493 19498
19503 19508 19512 19517 19522
19526 19531 19536 19541 19545
19550 19555 19560 19565 19569
19574 19579 19584 19588 19593
19598 19603 19607 19612 19617
19622 19626 19631 19636 19641
19646 19650 19655 19660 19665
19669 19674 19679 19684 19689
19693 19698 19703 19708 19712
19717 19722 19727 19732 19736
19741 19746 19751 19756 19760
19765 19770 19775 19780 19784
19789 19794 19799 19804 19809
19813 19818 19823 19828 19833
19837 19842 19847 19852 19857
19862 19866 19871 19876 19881
19886 19891 19895 19900 19905
19910 19915 19920 19924 19929
19934 19939 19944 19949 19954
19958 19963 19968 19973 19978
19983 19988 19992 19997 20002
20007 20012 20017 20022 20026
20031 20036 20041 20046 20051
20056 20061 20065 20070 20075
20080 20085 20090 20095 20100
20104 20109 20114 20119 20124
20129 20134 20139 20144 20148
20153 20158 20163 20168 20173
20178 20183 20188 20193 20198
20202 20207 20212 20217 20222
20227 20232 20237 20242 20247
20252 20257 20261 20266 20271
20276 20281 20286 20291 20296
20301 20306 20311 20316 20321
20326 20330 20335 20340 20345
20350 20355 20360 20365 20370
20375 20380 20385 20390 20395
20400 20405 20410 20415 20420
20425 20430 20435 20440 20444
20449 20454 20459 20464 20469
20474 20479 20484 20489 20494
20499 20504 20509 20514 20519
20524 20529 20534 20539 20544
20549 20554 20559 20564 20569
20574 20579 20584 20589 20594
20599 20604 20609 20614 20619
20624 20629 20634 20639 20644
20649 20654 20659 20664 20669
20674 20679 20684 20689 20694
20700 20705 20710 20715 20720
20725 20730 20735 20740 20745
20750 20755 20760 20765 20770
20775 20780 20785 20790 20795
20800 20805 20811 20816 20821
20826 20831 20836 20841 20846
20851 20856 20861 20866 20871
20876 20881 20887 20892 20897
20902 20907 20912 20917 20922
20927 20932 20937 20942 20948
20953 20958 20963 20968 20973
20978 20983 20988 20993 20999
21004 21009 21014 21019 21024
21029 21034 21039 21045 21050
21055 21060 21065 21070 21075
21080 21086 21091 21096 21101
21106 21111 21116 21121 21127
21132 21137 21142 21147 21152
21157 21163 21168 21173 21178
21183 21188 21194 21199 21204
21209 21214 21219 21224 21230
21235 21240 21245 21250 21255
21261 21266 21271 21276 21281
21287 21292 21297 21302 21307
21312 21318 21323 21328 21333
21338 21344 21349 21354 21359
21364 21370 21375 21380 21385
21390 21396 21401 21406 21411
21416 21422 21427 21432 21437
21442 21448 21453 21458 21463
21469 21474 21479 21484 21489
21495 21500 21505 21510 21516
21521 21526 21531 21537 21542
21547 21552 21557 21563 21568
21573 21578 21584 21589 21594
21599 21605 21610 21615 21621
21626 21631 21636 21642 21647
21652 21657 21663 21668 21673
21678 21684 21689 21694 21700
21705 21710 21715 21721 21726
21731 21737 21742 21747 21752
21758 21763 21768 21774 21779
21784 21790 21795 21800 21805
21811 21816 21821 21827 21832
21837 21843 21848 21853 21859
21864 21869 21875 21880 21885
21891 21896 21901 21907 21912
21917 21923 21928 21933 21939
21944 21949 21955 21960 21965
21971 21976 21981 21987 21992
21997 22003 22008 22013 22019
22024 22030 22035 22040 22046
22051 22056 22062 22067 22072
22078 22083 22089 22094 22099
22105 22110 22116 22121 22126
22132 22137 22142 22148 22153
22159 22164 22169 22175 22180
22186 22191 22196 22202 22207
22213 22218 22223 22229 22234
22240 22245 22251 22256 22261
22267 22272 22278 22283 22289
22294 22299 22305 22310 22316
22321 22327 22332 22337 22343
22348 22354 22359 22365 22370
22376 22381 22386 22392 22397
22403 22408 22414 22419 22425
22430 22436 22441 22447 22452
22457 22463 22468 22474 22479
22485 22490 22496 22501 22507
22512 22518 22523 22529 22534
22540 22545 22551 22556 22562
22567 22573 22578 22584 22589
22595 22600 22606 22611 22617
22622 22628 22633 22639 22644
22650 22655 22661 22666 22672
22677 22683 22689 22694 22700
22705 22711 22716 22722 22727
22733 22738 22744 22749 22755
22761 22766 22772 22777 22783
22788 22794 22799 22805 22811
22816 22822 22827 22833 22838
22844 22850 22855 22861 22866
22872 22877 22883 22889 22894
22900 22905 22911 22916 22922
22928 22933 22939 22944 22950
22956 22961 22967 22972 22978
22984 22989 22995 23000 23006
23012 23017 23023 23029 23034
23040 23045 23051 23057 23062
23068 23074 23079 23085 23090
23096 23102 23107 23113 23119
23124 23130 23136 23141 23147
23152 23158 23164 23169 23175
23181 23186 23192 23198 23203
23209 23215 23220 23226 23232
23237 23243 23249 23254 23260
23266 23271 23277 23283 23288
23294 23300 23306 23311 23317
23323 23328 23334 23340 23345
23351 23357 23362 23368 23374
23380 23385 23391 23397 23402
23408 23414 23420 23425 23431
23437 23442 23448 23454 23460
23465 23471 23477 23483 23488
23494 23500 23506 23511 23517
23523 23529 23534 23540 23546
23552 23557 23563 23569 23575
23580 23586 23592 23598 23603
23609 23615 23621 23626 23632
23638 23644 23650 23655 23661
23667 23673 23678 23684 23690
23696 23702 23707 23713 23719
23725 23731 23736 23742 23748
23754 23760 23765 23771 23777
23783 23789 23794 23800 23806
23812 23818 23824 23829 23835
23841 23847 23853 23858 23864
23870 23876 23882 23888 23894
23899 23905 23911 23917 23923
23929 23934 23940 23946 23952
23958 23964 23970 23975 23981
23987 23993 23999 24005 24011
24017 24022 24028 24034 24040
24046 24052 24058 24064 24069
24075 24081 24087 24093 24099
24105 24111 24117 24122 24128
24134 24140 24146 24152 24158
24164 24170 24176 24182 24187
24193 24199 24205 24211 24217
24223 24229 24235 24241 24247
24253 24259 24265 24270 24276
24282 24288 24294 24300 24306
24312 24318 24324 24330 24336
24342 24348 24354 24360 24366
24372 24378 24384 24390 24396
24402 24408 24413 24419 24425
24431 24437 24443 24449 24455
24461 24467 24473 24479 24485
24491 24497 24503 24509 24515
24521 24527 24533 24539 24545
24551 24557 24563 24569 24575
24581 24587 24594 24600 24606
24612 24618 24624 24630 24636
24642 24648 24654 24660 24666
24672 24678 24684 24690 24696
24702 24708 24714 24720 24726
24733 24739 24745 24751 24757
24763 24769 24775 24781 24787
24793 24799 24805 24811 24818
24824 24830 24836 24842 24848
24854 24860 24866 24872 24878
24885 24891 24897 24903 24909
24915 24921 24927 24933 24940
24946 24952 24958 24964 24970
24976 24982 24989 24995 25001
25007 25013 25019 25025 25031
25038 25044 25050 25056 25062
25068 25074 25081 25087 25093
25099 25105 25111 25118 25124
25130 25136 25142 25148 25155
25161 25167 25173 25179 25185
25192 25198 25204 25210 25216
25223 25229 25235 25241 25247
25254 25260 25266 25272 25278
25285 25291 25297 25303 25309
25316 25322 25328 25334 25341
25347 25353 25359 25365 25372
25378 25384 25390 25397 25403
25409 25415 25422 25428 25434
25440 25447 25453 25459 25465
25472 25478 25484 25490 25497
25503 25509 25515 25522 25528
25534 25541 25547 25553 25559
25566 25572 25578 25585 25591
25597 25603 25610 25616 25622
25629 25635 25641 25647 25654
25660 25666 25673 25679 25685
25692 25698 25704 25711 25717
25723 25730 25736 25742 25749
25755 25761 25768 25774 25780
25787 25793 25799 25806 25812
25818 25825 25831 25837 25844
25850 25856 25863 25869 25876
25882 25888 25895 25901 25907
25914 25920 25927 25933 25939
25946 25952 25958 25965 25971
25978 25984 25990 25997 26003
26010 26016 26022 26029 26035
26042 26048 26055 26061 26067
26074 26080 26087 26093 26099
26106 26112 26119 26125 26132
26138 26144 26151 26157 26164
26170 26177 26183 26190 26196
26203 26209 26215 26222 26228
26235 26241 26248 26254 26261
26267 26274 26280 26287 26293
26300 26306 26312 26319 26325
26332 26338 26345 26351 26358
26364 26371 26377 26384 26390
26397 26403 26410 26416 26423
26430 26436 26443 26449 26456
26462 26469 26475 26482 26488
26495 26501 26508 26514 26521
26527 26534 26541 26547 26554
26560 26567 26573 26580 26586
26593 26600 26606 26613 26619
26626 26632 26639 26646 26652
26659 26665 26672 26678 26685
26692 26698 26705 26711 26718
26725 26731 26738 26744 26751
26758 26764 26771 26777 26784
26791 26797 26804 26810 26817
26824 26830 26837 26844 26850
26857 26864 26870 26877 26883
26890 26897 26903 26910 26917
26923 26930 26937 26943 26950
26957 26963 26970 26977 26983
26990 26997 27003 27010 27017
27023 27030 27037 27043 27050
27057 27063 27070 27077 27083
27090 27097 27104 27110 27117
27124 27130 27137 27144 27151
27157 27164 27171 27177 27184
27191 27198 27204 27211 27218
27224 27231 27238 27245 27251
27258 27265 27272 27278 27285
27292 27299 27305 27312 27319
27326 27332 27339 27346 27353
27360 27366 27373 27380 27387
27393 27400 27407 27414 27421
27427 27434 27441 27448 27455
27461 27468 27475 27482 27489
27495 27502 27509 27516 27523
27529 27536 27543 27550 27557
27564 27570 27577 27584 27591
27598 27605 27611 27618 27625
27632 27639 27646 27652 27659
27666 27673 27680 27687 27694
27701 27707 27714 27721 27728
27735 27742 27749 27756 27762
27769 27776 27783 27790 27797
27804 27811 27818 27824 27831
27838 27845 27852 27859 27866
27873 27880 27887 27894 27900
27907 27914 27921 27928 27935
27942 27949 27956 27963 27970
27977 27984 27991 27998 28004
28011 28018 28025 28032 28039
28046 28053 28060 28067 28074
28081 28088 28095 28102 28109
28116 28123 28130 28137 28144
28151 28158 28165 28172 28179
28186 28193 28200 28207 28214
28221 28228 28235 28242 28249
28256 28263 28270 28277 28284
28291 28298 28305 28312 28319
28326 28333 28340 28347 28354
28362 28369 28376 28383 28390
28397 28404 28411 28418 28425
28432 28439 28446 28453 28460
28468 28475 28482 28489 28496
28503 28510 28517 28524 28531
28538 28546 28553 28560 28567
28574 28581 28588 28595 28602
28610 28617 28624 28631 28638
28645 28652 28659 28667 28674
28681 28688 28695 28702 28709
28717 28724 28731 28738 28745
28752 28760 28767 28774 28781
28788 28795 28803 28810 28817
28824 28831 28838 28846 28853
28860 28867 28874 28882 28889
28896 28903 28910 28918 28925
28932 28939 28946 28954 28961
28968 28975 28983 28990 28997
29004 29012 29019 29026 29033
29040 29048 29055 29062 29069
29077 29084 29091 29099 29106
29113 29120 29128 29135 29142
29149 29157 29164 29171 29178
29186 29193 29200 29208 29215
29222 29230 29237 29244 29251
29259 29266 29273 29281 29288
29295 29303 29310 29317 29325
29332 29339 29347 29354 29361
29369 29376 29383 29391 29398
29405 29413 29420 29427 29435
29442 29449 29457 29464 29471
29479 29486 29494 29501 29508
29516 29523 29530 29538 29545
29553 29560 29567 29575 29582
29590 29597 29604 29612 29619
29627 29634 29641 29649 29656
29664 29671 29679 29686 29693
29701 29708 29716 29723 29731
29738 29745 29753 29760 29768
29775 29783 29790 29798 29805
29813 29820 29827 29835 29842
29850 29857 29865 29872 29880
29887 29895 29902 29910 29917
29925 29932 29940 29947 29955
29962 29970 29977 29985 29992
30000 30007 30015 30022 30030
30037 30045 30053 30060 30068
30075 30083 30090 30098 30105
30113 30120 30128 30136 30143
30151 30158 30166 30173 30181
30188 30196 30204 30211 30219
30226 30234 30242 30249 30257
30264 30272 30280 30287 30295
30302 30310 30318 30325 30333
30340 30348 30356 30363 30371
30378 30386 30394 30401 30409
30417 30424 30432 30440 30447
30455 30463 30470 30478 30486
30493 30501 30508 30516 30524
30532 30539 30547 30555 30562
30570 30578 30585 30593 30601
30608 30616 30624 30631 30639
30647 30655 30662 30670 30678
30685 30693 30701 30709 30716
30724 30732 30739 30747 30755
30763 30770 30778 30786 30794
30801 30809 30817 30825 30832
30840 30848 30856 30864 30871
30879 30887 30895 30902 30910
30918 30926 30934 30941 30949
30957 30965 30973 30980 30988
30996 31004 31012 31019 31027
31035 31043 31051 31058 31066
31074 31082 31090 31098 31105
31113 31121 31129 31137 31145
31153 31160 31168 31176 31184
31192 31200 31208 31215 31223
31231 31239 31247 31255 31263
31271 31279 31286 31294 31302
31310 31318 31326 31334 31342
31350 31358 31365 31373 31381
31389 31397 31405 31413 31421
31429 31437 31445 31453 31461
31469 31477 31484 31492 31500
31508 31516 31524 31532 31540
31548 31556 31564 31572 31580
31588 31596 31604 31612 31620
31628 31636 31644 31652 31660
31668 31676 31684 31692 31700
31708 31716 31724 31732 31740
31748 31756 31764 31772 31780
31788 31796 31804 31813 31821
31829 31837 31845 31853 31861
31869 31877 31885 31893 31901
31909 31917 31925 31934 31942
31950 31958 31966 31974 31982
31990 31998 32006 32015 32023
32031 32039 32047 32055 32063
32071 32079 32088 32096 32104
32112 32120 32128 32136 32145
32153 32161 32169 32177 32185
32194 32202 32210 32218 32226
32234 32243 32251 32259 32267
32275 32283 32292 32300 32308
32316 32324 32333 32341 32349
32357 32366 32374 32382 32390
32398 32407 32415 32423 32431
32440 32448 32456 32464 32473
32481 32489 32497 32506 32514
32522 32530 32539 32547 32555
32563 32572 32580 32588 32597
32605 32613 32621 32630 32638
32646 32655 32663 32671 32679
32688 32696 32704 32713 32721
32729 32738 32746 32754 32763
32771 32779 32788 32796 32804
32813 32821 32829 32838 32846
32855 32863 32871 32880 32888
32896 32905 32913 32922 32930
32938 32947 32955 32963 32972
32980 32989 32997 33005 33014
33022 33031 33039 33048 33056
33064 33073 33081 33090 33098
33107 33115 33123 33132 33140
33149 33157 33166 33174 33183
33191 33200 33208 33216 33225
33233 33242 33250 33259 33267
33276 33284 33293 33301 33310
33318 33327 33335 33344 33352
33361 33369 33378 33386 33395
33403 33412 33421 33429 33438
33446 33455 33463 33472 33480
33489 33497 33506 33515 33523
33532 33540 33549 33557 33566
33575 33583 33592 33600 33609
33618 33626 33635 33643 33652
33661 33669 33678 33686 33695
33704 33712 33721 33730 33738
33747 33755 33764 33773 33781
33790 33799 33807 33816 33825
33833 33842 33851 33859 33868
33877 33885 33894 33903 33911
33920 33929 33937 33946 33955
33963 33972 33981 33990 33998
34007 34016 34024 34033 34042
34051 34059 34068 34077 34086
34094 34103 34112 34121 34129
34138 34147 34156 34164 34173
34182 34191 34199 34208 34217
34226 34234 34243 34252 34261
34270 34278 34287 34296 34305
34314 34322 34331 34340 34349
34358 34367 34375 34384 34393
34402 34411 34420 34428 34437
34446 34455 34464 34473 34482
34490 34499 34508 34517 34526
34535 34544 34553 34561 34570
34579 34588 34597 34606 34615
34624 34633 34641 34650 34659
34668 34677 34686 34695 34704
34713 34722 34731 34740 34749
34758 34766 34775 34784 34793
34802 34811 34820 34829 34838
34847 34856 34865 34874 34883
34892 34901 34910 34919 34928
34937 34946 34955 34964 34973
34982 34991 35000 35009 35018
35027 35036 35045 35054 35063
35072 35081 35091 35100 35109
35118 35127 35136 35145 35154
35163 35172 35181 35190 35199
35208 35218 35227 35236 35245
35254 35263 35272 35281 35290
35299 35309 35318 35327 35336
35345 35354 35363 35372 35382
35391 35400 35409 35418 35427
35437 35446 35455 35464 35473
35482 35492 35501 35510 35519
35528 35537 35547 35556 35565
35574 35583 35593 35602 35611
35620 35630 35639 35648 35657
35666 35676 35685 35694 35703
35713 35722 35731 35740 35750
35759 35768 35777 35787 35796
35805 35815 35824 35833 35842
35852 35861 35870 35880 35889
35898 35907 35917 35926 35935
35945 35954 35963 35973 35982
35991 36001 36010 36019 36029
36038 36047 36057 36066 36075
36085 36094 36104 36113 36122
36132 36141 36150 36160 36169
36179 36188 36197 36207 36216
36226 36235 36245 36254 36263
36273 36282 36292 36301 36310
36320 36329 36339 36348 36358
36367 36377 36386 36396 36405
36414 36424 36433 36443 36452
36462 36471 36481 36490 36500
36509 36519 36528 36538 36547
36557 36566 36576 36585 36595
36604 36614 36624 36633 36643
36652 36662 36671 36681 36690
36700 36710 36719 36729 36738
36748 36757 36767 36777 36786
36796 36805 36815 36825 36834
36844 36853 36863 36873 36882
36892 36901 36911 36921 36930
36940 36950 36959 36969 36979
36988 36998 37008 37017 37027
37037 37046 37056 37066 37075
37085 37095 37104 37114 37124
37133 37143 37153 37163 37172
37182 37192 37201 37211 37221
37231 37240 37250 37260 37270
37279 37289 37299 37309 37318
37328 37338 37348 37357 37367
37377 37387 37396 37406 37416
37426 37436 37445 37455 37465
37475 37485 37495 37504 37514
37524 37534 37544 37553 37563
37573 37583 37593 37603 37613
37622 37632 37642 37652 37662
37672 37682 37692 37701 37711
37721 37731 37741 37751 37761
37771 37781 37791 37800 37810
37820 37830 37840 37850 37860
37870 37880 37890 37900 37910
37920 37930 37940 37950 37960
37970 37980 37990 37999 38009
38019 38029 38039 38049 38059
38069 38079 38089 38099 38110
38120 38130 38140 38150 38160
38170 38180 38190 38200 38210
38220 38230 38240 38250 38260
38270 38280 38290 38300 38311
38321 38331 38341 38351 38361
38371 38381 38391 38401 38412
38422 38432 38442 38452 38462
38472 38483 38493 38503 38513
38523 38533 38543 38554 38564
38574 38584 38594 38604 38615
38625 38635 38645 38655 38666
38676 38686 38696 38706 38717
38727 38737 38747 38758 38768
38778 38788 38799 38809 38819
38829 38840 38850 38860 38870
38881 38891 38901 38911 38922
38932 38942 38953 38963 38973
38984 38994 39004 39015 39025
39035 39045 39056 39066 39077
39087 39097 39108 39118 39128
39139 39149 39159 39170 39180
39190 39201 39211 39222 39232
39242 39253 39263 39274 39284
39294 39305 39315 39326 39336
39347 39357 39367 39378 39388
39399 39409 39420 39430 39441
39451 39461 39472 39482 39493
39503 39514 39524 39535 39545
39556 39566 39577 39587 39598
39608 39619 39629 39640 39650
39661 39672 39682 39693 39703
39714 39724 39735 39745 39756
39767 39777 39788 39798 39809
39819 39830 39841 39851 39862
39872 39883 39894 39904 39915
39926 39936 39947 39957 39968
39979 39989 40000 40011 40021
40032 40043 40053 40064 40075
40085 40096 40107 40117 40128
40139 40149 40160 40171 40182
40192 40203 40214 40224 40235
40246 40257 40267 40278 40289
40300 40310 40321 40332 40343
40353 40364 40375 40386 40397
40407 40418 40429 40440 40450
40461 40472 40483 40494 40505
40515 40526 40537 40548 40559
40570 40580 40591 40602 40613
40624 40635 40646 40656 40667
40678 40689 40700 40711 40722
40733 40744 40754 40765 40776
40787 40798 40809 40820 40831
40842 40853 40864 40875 40886
40897 40907 40918 40929 40940
40951 40962 40973 40984 40995
41006 41017 41028 41039 41050
41061 41072 41083 41094 41105
41116 41127 41138 41149 41161
41172 41183 41194 41205 41216
41227 41238 41249 41260 41271
41282 41293 41304 41316 41327
41338 41349 41360 41371 41382
41393 41404 41416 41427 41438
41449 41460 41471 41482 41494
41505 41516 41527 41538 41549
41561 41572 41583 41594 41605
41617 41628 41639 41650 41661
41673 41684 41695 41706 41718
41729 41740 41751 41763 41774
41785 41796 41808 41819 41830
41842 41853 41864 41875 41887
41898 41909 41921 41932 41943
41955 41966 41977 41988 42000
42011 42023 42034 42045 42057
42068 42079 42091 42102 42113
42125 42136 42148 42159 42170
42182 42193 42205 42216 42227
42239 42250 42262 42273 42284
42296 42307 42319 42330 42342
42353 42365 42376 42388 42399
42411 42422 42433 42445 42456
42468 42479 42491 42503 42514
42526 42537 42549 42560 42572
42583 42595 42606 42618 42629
42641 42653 42664 42676 42687
42699 42710 42722 42734 42745
42757 42768 42780 42792 42803
42815 42826 42838 42850 42861
42873 42885 42896 42908 42920
42931 42943 42955 42966 42978
42990 43001 43013 43025 43036
43048 43060 43072 43083 43095
43107 43118 43130 43142 43154
43165 43177 43189 43201 43212
43224 43236 43248 43259 43271
43283 43295 43307 43318 43330
43342 43354 43366 43377 43389
43401 43413 43425 43437 43448
43460 43472 43484 43496 43508
43520 43532 43543 43555 43567
43579 43591 43603 43615 43627
43639 43650 43662 43674 43686
43698 43710 43722 43734 43746
43758 43770 43782 43794 43806
43818 43830 43842 43854 43866
43878 43890 43902 43914 43926
43938 43950 43962 43974 43986
43998 44010 44022 44034 44046
44058 44070 44082 44094 44107
44119 44131 44143 44155 44167
44179 44191 44203 44215 44228
44240 44252 44264 44276 44288
44300 44313 44325 44337 44349
44361 44373 44386 44398 44410
44422 44434 44447 44459 44471
44483 44495 44508 44520 44532
44544 44557 44569 44581 44593
44606 44618 44630 44642 44655
44667 44679 44692 44704 44716
44728 44741 44753 44765 44778
44790 44802 44815 44827 44839
44852 44864 44876 44889 44901
44914 44926 44938 44951 44963
44975 44988 45000 45013 45025
45038 45050 45062 45075 45087
45100 45112 45125 45137 45149
45162 45174 45187 45199 45212
45224 45237 45249 45262 45274
45287 45299 45312 45324 45337
45349 45362 45375 45387 45400
45412 45425 45437 45450 45462
45475 45488 45500 45513 45525
45538 45551 45563 45576 45588
45601 45614 45626 45639 45652
45664 45677 45690 45702 45715
45728 45740 45753 45766 45778
45791 45804 45816 45829 45842
45854 45867 45880 45893 45905
45918 45931 45944 45956 45969
45982 45995 46007 46020 46033
46046 46059 46071 46084 46097
46110 46123 46135 46148 46161
46174 46187 46200 46212 46225
46238 46251 46264 46277 46290
46303 46315 46328 46341 46354
46367 46380 46393 46406 46419
46432 46445 46458 46470 46483
46496 46509 46522 46535 46548
46561 46574 46587 46600 46613
46626 46639 46652 46665 46678
46691 46704 46717 46730 46743
46757 46770 46783 46796 46809
46822 46835 46848 46861 46874
46887 46900 46914 46927 46940
46953 46966 46979 46992 47005
47019 47032 47045 47058 47071
47084 47098 47111 47124 47137
47150 47164 47177 47190 47203
47216 47230 47243 47256 47269
47283 47296 47309 47322 47336
47349 47362 47376 47389 47402
47415 47429 47442 47455 47469
47482 47495 47509 47522 47535
47549 47562 47575 47589 47602
47615 47629 47642 47656 47669
47682 47696 47709 47723 47736
47750 47763 47776 47790 47803
47817 47830 47844 47857 47871
47884 47898 47911 47925 47938
47952 47965 47979 47992 48006
48019 48033 48046 48060 48073
48087 48100 48114 48128 48141
48155 48168 48182 48195 48209
48223 48236 48250 48264 48277
48291 48304 48318 48332 48345
48359 48373 48386 48400 48414
48427 48441 48455 48468 48482
48496 48510 48523 48537 48551
48565 48578 48592 48606 48620
48633 48647 48661 48675 48688
48702 48716 48730 48744 48757
48771 48785 48799 48813 48827
48840 48854 48868 48882 48896
48910 48924 48937 48951 48965
48979 48993 49007 49021 49035
49049 49063 49077 49090 49104
49118 49132 49146 49160 49174
49188 49202 49216 49230 49244
49258 49272 49286 49300 49314
49328 49342 49356 49370 49384
49399 49413 49427 49441 49455
49469 49483 49497 49511 49525
49539 49554 49568 49582 49596
49610 49624 49638 49652 49667
49681 49695 49709 49723 49738
49752 49766 49780 49794 49809
49823 49837 49851 49866 49880
49894 49908 49923 49937 49951
49965 49980 49994 50008 50023
50037 50051 50065 50080 50094
50108 50123 50137 50152 50166
50180 50195 50209 50223 50238
50252 50267 50281 50295 50310
50324 50339 50353 50368 50382
50396 50411 50425 50440 50454
50469 50483 50498 50512 50527
50541 50556 50570 50585 50599
50614 50628 50643 50657 50672
50687 50701 50716 50730 50745
50759 50774 50789 50803 50818
50833 50847 50862 50876 50891
50906 50920 50935 50950 50964
50979 50994 51008 51023 51038
51053 51067 51082 51097 51111
51126 51141 51156 51170 51185
51200 51215 51230 51244 51259
51274 51289 51304 51318 51333
51348 51363 51378 51393 51407
51422 51437 51452 51467 51482
51497 51511 51526 51541 51556
51571 51586 51601 51616 51631
51646 51661 51676 51691 51706
51721 51736 51751 51766 51781
51796 51811 51826 51841 51856
51871 51886 51901 51916 51931
51946 51961 51976 51991 52006
52021 52036 52052 52067 52082
52097 52112 52127 52142 52158
52173 52188 52203 52218 52233
52249 52264 52279 52294 52309
52325 52340 52355 52370 52386
52401 52416 52431 52447 52462
52477 52492 52508 52523 52538
52554 52569 52584 52600 52615
52630 52646 52661 52676 52692
52707 52723 52738 52753 52769
52784 52800 52815 52830 52846
52861 52877 52892 52908 52923
52939 52954 52969 52985 53000
53016 53031 53047 53062 53078
53094 53109 53125 53140 53156
53171 53187 53202 53218 53234
53249 53265 53280 53296 53312
53327 53343 53359 53374 53390
53406 53421 53437 53453 53468
53484 53500 53515 53531 53547
53563 53578 53594 53610 53625
53641 53657 53673 53689 53704
53720 53736 53752 53768 53783
53799 53815 53831 53847 53863
53878 53894 53910 53926 53942
53958 53974 53990 54005 54021
54037 54053 54069 54085 54101
54117 54133 54149 54165 54181
54197 54213 54229 54245 54261
54277 54293 54309 54325 54341
54357 54373 54389 54405 54421
54438 54454 54470 54486 54502
54518 54534 54550 54566 54583
54599 54615 54631 54647 54663
54680 54696 54712 54728 54744
54761 54777 54793 54809 54826
54842 54858 54874 54891 54907
54923 54940 54956 54972 54989
55005 55021 55038 55054 55070
55087 55103 55119 55136 55152
55169 55185 55201 55218 55234
55251 55267 55283 55300 55316
55333 55349 55366 55382 55399
55415 55432 55448 55465 55481
55498 55514 55531 55548 55564
55581 55597 55614 55630 55647
55664 55680 55697 55713 55730
55747 55763 55780 55797 55813
55830 55847 55863 55880 55897
55914 55930 55947 55964 55980
55997 56014 56031 56047 56064
56081 56098 56115 56131 56148
56165 56182 56199 56216 56232
56249 56266 56283 56300 56317
56334 56351 56367 56384 56401
56418 56435 56452 56469 56486
56503 56520 56537 56554 56571
56588 56605 56622 56639 56656
56673 56690 56707 56724 56741
56758 56775 56792 56809 56827
56844 56861 56878 56895 56912
56929 56947 56964 56981 56998
57015 57032 57050 57067 57084
57101 57118 57136 57153 57170
57187 57205 57222 57239 57257
57274 57291 57308 57326 57343
57360 57378 57395 57412 57430
57447 57465 57482 57499 57517
57534 57552 57569 57586 57604
57621 57639 57656 57674 57691
57709 57726 57744 57761 57779
57796 57814 57831 57849 57866
57884 57902 57919 57937 57954
57972 57990 58007 58025 58042
58060 58078 58095 58113 58131
58148 58166 58184 58201 58219
58237 58255 58272 58290 58308
58326 58343 58361 58379 58397
58414 58432 58450 58468 58486
58504 58521 58539 58557 58575
58593 58611 58629 58646 58664
58682 58700 58718 58736 58754
58772 58790 58808 58826 58844
58862 58880 58898 58916 58934
58952 58970 58988 59006 59024
59042 59060 59078 59096 59115
59133 59151 59169 59187 59205
59223 59242 59260 59278 59296
59314 59332 59351 59369 59387
59405 59424 59442 59460 59478
59497 59515 59533 59552 59570
59588 59606 59625 59643 59662
59680 59698 59717 59735 59753
59772 59790 59809 59827 59845
59864 59882 59901 59919 59938
59956 59975 59993 60012 60030
60049 60067 60086 60104 60123
60141 60160 60179 60197 60216
60234 60253 60272 60290 60309
60328 60346 60365 60384 60402
60421 60440 60458 60477 60496
60515 60533 60552 60571 60590
60608 60627 60646 60665 60684
60702 60721 60740 60759 60778
60797 60815 60834 60853 60872
60891 60910 60929 60948 60967
60986 61005 61024 61043 61062
61081 61100 61119 61138 61157
61176 61195 61214 61233 61252
61271 61290 61309 61328 61347
61366 61386 61405 61424 61443
61462 61481 61501 61520 61539
61558 61577 61597 61616 61635
61654 61674 61693 61712 61732
61751 61770 61789 61809 61828
61847 61867 61886 61906 61925
61944 61964 61983 62003 62022
62041 62061 62080 62100 62119
62139 62158 62178 62197 62217
62236 62256 62275 62295 62314
62334 62354 62373 62393 62412
62432 62452 62471 62491 62511
62530 62550 62570 62589 62609
62629 62648 62668 62688 62708
62727 62747 62767 62787 62806
62826 62846 62866 62886 62905
62925 62945 62965 62985 63005
63025 63045 63065 63084 63104
63124 63144 63164 63184 63204
63224 63244 63264 63284 63304
63324 63344 63364 63384 63404
63425 63445 63465 63485 63505
63525 63545 63565 63586 63606
63626 63646 63666 63686 63707
63727 63747 63767 63788 63808
63828 63848 63869 63889 63909
63930 63950 63970 63991 64011
64031 64052 64072 64093 64113
64133 64154 64174 64195 64215
64236 64256 64277 64297 64318
64338 64359 64379 64400 64420
64441 64461 64482 64503 64523
64544 64564 64585 64606 64626
64647 64668 64688 64709 64730
64750 64771 64792 64813 64833
64854 64875 64896 64916 64937
64958 64979 65000 65021 65041
65062 65083 65104 65125 65146
65167 65188 65209 65230 65251
65271 65292 65313 65334 65355
65376 65397 65419 65440 65461
65482 65503 65524 65545 65566
65587 65608 65629 65651 65672
65693 65714 65735 65756 65778
65799 65820 65841 65863 65884
65905 65926 65948 65969 65990
66012 66033 66054 66076 66097
66118 66140 66161 66183 66204
66225 66247 66268 66290 66311
66333 66354 66376 66397 66419
66440 66462 66483 66505 66527
66548 66570 66591 66613 66635
66656 66678 66700 66721 66743
66765 66786 66808 66830 66851
66873 66895 66917 66938 66960
66982 67004 67026 67048 67069
67091 67113 67135 67157 67179
67201 67223 67245 67266 67288
67310 67332 67354 67376 67398
67420 67442 67464 67486 67509
67531 67553 67575 67597 67619
67641 67663 67685 67708 67730
67752 67774 67796 67819 67841
67863 67885 67908 67930 67952
67974 67997 68019 68041 68064
68086 68108 68131 68153 68176
68198 68220 68243 68265 68288
68310 68333 68355 68378 68400
68423 68445 68468 68490 68513
68535 68558 68581 68603 68626
68648 68671 68694 68716 68739
68762 68784 68807 68830 68853
68875 68898 68921 68944 68967
68989 69012 69035 69058 69081
69104 69126 69149 69172 69195
69218 69241 69264 69287 69310
69333 69356 69379 69402 69425
69448 69471 69494 69517 69540
69563 69586 69609 69633 69656
69679 69702 69725 69748 69772
69795 69818 69841 69865 69888
69911 69934 69958 69981 70004
70028 70051 70074 70098 70121
70145 70168 70191 70215 70238
70262 70285 70309 70332 70356
70379 70403 70426 70450 70473
70497 70521 70544 70568 70591
70615 70639 70662 70686 70710
70733 70757 70781 70805 70828
70852 70876 70900 70924 70947
70971 70995 71019 71043 71067
71090 71114 71138 71162 71186
71210 71234 71258 71282 71306
71330 71354 71378 71402 71426
71450 71474 71498 71523 71547
71571 71595 71619 71643 71668
71692 71716 71740 71764 71789
71813 71837 71862 71886 71910
71934 71959 71983 72008 72032
72056 72081 72105 72130 72154
72178 72203 72227 72252 72276
72301 72326 72350 72375 72399
72424 72448 72473 72498 72522
72547 72572 72596 72621 72646
72670 72695 72720 72745 72769
72794 72819 72844 72869 72893
72918 72943 72968 72993 73018
73043 73068 73093 73118 73143
73168 73193 73218 73243 73268
73293 73318 73343 73368 73393
73418 73443 73468 73494 73519
73544 73569 73594 73620 73645
73670 73695 73721 73746 73771
73797 73822 73847 73873 73898
73923 73949 73974 74000 74025
74051 74076 74102 74127 74153
74178 74204 74229 74255 74280
74306 74332 74357 74383 74409
74434 74460 74486 74511 74537
74563 74589 74614 74640 74666
74692 74718 74743 74769 74795
74821 74847 74873 74899 74925
74951 74977 75003 75029 75055
75081 75107 75133 75159 75185
75211 75237 75263 75289 75315
75342 75368 75394 75420 75446
75473 75499 75525 75551 75578
75604 75630 75657 75683 75709
75736 75762 75789 75815 75842
75868 75894 75921 75947 75974
76001 76027 76054 76080 76107
76133 76160 76187 76213 76240
76267 76293 76320 76347 76374
76400 76427 76454 76481 76507
76534 76561 76588 76615 76642
76669 76696 76723 76749 76776
76803 76830 76857 76884 76911
76939 76966 76993 77020 77047
77074 77101 77128 77156 77183
77210 77237 77264 77292 77319
77346 77374 77401 77428 77456
77483 77510 77538 77565 77592
77620 77647 77675 77702 77730
77757 77785 77812 77840 77868
77895 77923 77950 77978 78006
78033 78061 78089 78117 78144
78172 78200 78228 78255 78283
78311 78339 78367 78395 78423
78450 78478 78506 78534 78562
78590 78618 78646 78674 78702
78730 78759 78787 78815 78843
78871 78899 78927 78956 78984
79012 79040 79069 79097 79125
79154 79182 79210 79239 79267
79295 79324 79352 79381 79409
79438 79466 79495 79523 79552
79580 79609 79637 79666 79695
79723 79752 79781 79809 79838
79867 79896 79924 79953 79982
80011 80040 80068 80097 80126
80155 80184 80213 80242 80271
80300 80329 80358 80387 80416
80445 80474 80503 80532 80561
80591 80620 80649 80678 80707
80737 80766 80795 80825 80854
80883 80912 80942 80971 81001
81030 81059 81089 81118 81148
81177 81207 81236 81266 81296
81325 81355 81384 81414 81444
81473 81503 81533 81563 81592
81622 81652 81682 81711 81741
81771 81801 81831 81861 81891
81921 81951
